Wavelength	 LAMP_irradiance_NIST(W/m2/nm)
350	0.00706702
351	0.007241436
352	0.007418776
353	0.007599059
354	0.007782302
355	0.007968522
356	0.008157736
357	0.00834996
358	0.008545211
359	0.008743504
360	0.008944854
361	0.009149275
362	0.009356782
363	0.009567387
364	0.009781105
365	0.009997949
366	0.010217929
367	0.010441059
368	0.010667349
369	0.010896811
370	0.011129454
371	0.011365288
372	0.011604324
373	0.01184657
374	0.012092034
375	0.012340724
376	0.012592648
377	0.012847813
378	0.013106225
379	0.01336789
380	0.013632814
381	0.013901002
382	0.014172458
383	0.014447187
384	0.014725191
385	0.015006475
386	0.01529104
387	0.015578888
388	0.015870022
389	0.016164442
390	0.01646215
391	0.016763144
392	0.017067425
393	0.017374992
394	0.017685844
395	0.017999979
396	0.018317395
397	0.018638088
398	0.018962056
399	0.019289296
400	0.019619802
401	0.019953571
402	0.020290597
403	0.020630875
404	0.020974399
405	0.021321163
406	0.021671159
407	0.02202438
408	0.022380819
409	0.022740467
410	0.023103316
411	0.023469357
412	0.02383858
413	0.024210976
414	0.024586533
415	0.024965242
416	0.02534709
417	0.025732067
418	0.026120161
419	0.026511359
420	0.026905649
421	0.027303016
422	0.027703449
423	0.028106932
424	0.028513452
425	0.028922994
426	0.029335542
427	0.029751082
428	0.030169598
429	0.030591073
430	0.031015491
431	0.031442836
432	0.03187309
433	0.032306235
434	0.032742254
435	0.033181129
436	0.033622841
437	0.034067372
438	0.034514702
439	0.034964812
440	0.035417683
441	0.035873293
442	0.036331624
443	0.036792655
444	0.037256365
445	0.037722732
446	0.038191735
447	0.038663353
448	0.039137564
449	0.039614346
450	0.040093676
451	0.040575532
452	0.041059891
453	0.04154673
454	0.042036025
455	0.042527753
456	0.04302189
457	0.043518413
458	0.044017297
459	0.044518517
460	0.04502205
461	0.045527871
462	0.046035954
463	0.046546275
464	0.047058808
465	0.047573528
466	0.048090409
467	0.048609426
468	0.049130552
469	0.049653762
470	0.050179029
471	0.050706328
472	0.051235631
473	0.051766912
474	0.052300144
475	0.052835301
476	0.053372355
477	0.05391128
478	0.054452048
479	0.054994632
480	0.055539005
481	0.05608514
482	0.056633008
483	0.057182582
484	0.057733835
485	0.058286739
486	0.058841265
487	0.059397387
488	0.059955076
489	0.060514304
490	0.061075043
491	0.061637266
492	0.062200943
493	0.062766048
494	0.063332551
495	0.063900424
496	0.06446964
497	0.06504017
498	0.065611985
499	0.066185058
500	0.06675936
501	0.067334862
502	0.067911538
503	0.068489357
504	0.069068293
505	0.069648317
506	0.070229399
507	0.070811514
508	0.071394631
509	0.071978723
510	0.072563761
511	0.073149719
512	0.073736566
513	0.074324277
514	0.074912821
515	0.075502172
516	0.076092302
517	0.076683182
518	0.077274785
519	0.077867083
520	0.078460049
521	0.079053654
522	0.079647872
523	0.080242674
524	0.080838034
525	0.081433924
526	0.082030316
527	0.082627184
528	0.0832245
529	0.083822238
530	0.08442037
531	0.08501887
532	0.085617711
533	0.086216865
534	0.086816308
535	0.087416012
536	0.08801595
537	0.088616097
538	0.089216427
539	0.089816913
540	0.090417529
541	0.091018251
542	0.091619051
543	0.092219904
544	0.092820786
545	0.09342167
546	0.094022532
547	0.094623345
548	0.095224087
549	0.09582473
550	0.096425251
551	0.097025626
552	0.097625829
553	0.098225837
554	0.098825625
555	0.099425169
556	0.100024445
557	0.100623429
558	0.101222099
559	0.10182043
560	0.102418399
561	0.103015983
562	0.103613158
563	0.104209902
564	0.104806193
565	0.105402007
566	0.105997322
567	0.106592116
568	0.107186366
569	0.107780051
570	0.108373148
571	0.108965637
572	0.109557495
573	0.110148701
574	0.110739234
575	0.111329072
576	0.111918196
577	0.112506584
578	0.113094215
579	0.113681069
580	0.114267126
581	0.114852366
582	0.115436769
583	0.116020314
584	0.116602983
585	0.117184756
586	0.117765614
587	0.118345537
588	0.118924506
589	0.119502503
590	0.12007951
591	0.120655507
592	0.121230476
593	0.121804399
594	0.122377259
595	0.122949037
596	0.123519716
597	0.124089278
598	0.124657706
599	0.125224983
600	0.125791092
601	0.126356017
602	0.126919739
603	0.127482244
604	0.128043514
605	0.128603534
606	0.129162288
607	0.129719759
608	0.130275932
609	0.130830793
610	0.131384324
611	0.131936512
612	0.132487342
613	0.133036798
614	0.133584865
615	0.134131531
616	0.134676779
617	0.135220596
618	0.135762969
619	0.136303882
620	0.136843324
621	0.137381279
622	0.137917735
623	0.138452679
624	0.138986097
625	0.139517977
626	0.140048307
627	0.140577073
628	0.141104263
629	0.141629865
630	0.142153868
631	0.142676259
632	0.143197026
633	0.143716158
634	0.144233644
635	0.144749473
636	0.145263632
637	0.145776112
638	0.146286902
639	0.14679599
640	0.147303368
641	0.147809023
642	0.148312947
643	0.148815129
644	0.149315559
645	0.149814227
646	0.150311125
647	0.150806243
648	0.151299571
649	0.1517911
650	0.152280822
651	0.152768728
652	0.153254809
653	0.153739056
654	0.154221461
655	0.154702017
656	0.155180714
657	0.155657545
658	0.156132503
659	0.156605579
660	0.157076766
661	0.157546058
662	0.158013445
663	0.158478922
664	0.158942482
665	0.159404118
666	0.159863822
667	0.16032159
668	0.160777413
669	0.161231287
670	0.161683204
671	0.162133159
672	0.162581146
673	0.163027159
674	0.163471194
675	0.163913243
676	0.164353302
677	0.164791366
678	0.165227429
679	0.165661487
680	0.166093535
681	0.166523568
682	0.166951582
683	0.167377572
684	0.167801533
685	0.168223462
686	0.168643354
687	0.169061206
688	0.169477014
689	0.169890773
690	0.17030248
691	0.170712133
692	0.171119727
693	0.171525258
694	0.171928725
695	0.172330124
696	0.172729451
697	0.173126705
698	0.173521882
699	0.17391498
700	0.174305996
701	0.174694928
702	0.175081774
703	0.175466532
704	0.175849198
705	0.176229772
706	0.176608252
707	0.176984636
708	0.177358921
709	0.177731108
710	0.178101193
711	0.178469176
712	0.178835056
713	0.179198831
714	0.1795605
715	0.179920063
716	0.180277518
717	0.180632865
718	0.180986103
719	0.181337231
720	0.181686249
721	0.182033157
722	0.182377954
723	0.182720639
724	0.183061214
725	0.183399677
726	0.183736029
727	0.18407027
728	0.1844024
729	0.184732419
730	0.185060328
731	0.185386127
732	0.185709817
733	0.186031399
734	0.186350872
735	0.186668238
736	0.186983498
737	0.187296653
738	0.187607703
739	0.187916649
740	0.188223494
741	0.188528238
742	0.188830882
743	0.189131428
744	0.189429877
745	0.189726231
746	0.190020492
747	0.19031266
748	0.190602738
749	0.190890728
750	0.191176632
751	0.19146045
752	0.191742187
753	0.192021842
754	0.19229942
755	0.192574921
756	0.192848348
757	0.193119704
758	0.193388991
759	0.193656211
760	0.193921366
761	0.194184461
762	0.194445496
763	0.194704475
764	0.1949614
765	0.195216275
766	0.195469102
767	0.195719884
768	0.195968624
769	0.196215325
770	0.196459991
771	0.196702623
772	0.196943226
773	0.197181803
774	0.197418357
775	0.197652892
776	0.19788541
777	0.198115915
778	0.198344412
779	0.198570902
780	0.19879539
781	0.19901788
782	0.199238375
783	0.199456879
784	0.199673396
785	0.199887929
786	0.200100482
787	0.20031106
788	0.200519666
789	0.200726304
790	0.200930978
791	0.201133692
792	0.201334451
793	0.201533259
794	0.201730119
795	0.201925036
796	0.202118014
797	0.202309058
798	0.202498172
799	0.202685359
800	0.202870626
801	0.203053976
802	0.203235413
803	0.203414942
804	0.203592568
805	0.203768294
806	0.203942127
807	0.20411407
808	0.204284128
809	0.204452306
810	0.204618609
811	0.204783041
812	0.204945607
813	0.205106312
814	0.20526516
815	0.205422157
816	0.205577308
817	0.205730617
818	0.20588209
819	0.206031731
820	0.206179545
821	0.206325538
822	0.206469714
823	0.206612079
824	0.206752638
825	0.206891395
826	0.207028356
827	0.207163527
828	0.207296911
829	0.207428516
830	0.207558344
831	0.207686403
832	0.207812697
833	0.207937232
834	0.208060013
835	0.208181045
836	0.208300333
837	0.208417883
838	0.208533701
839	0.208647791
840	0.208760159
841	0.208870811
842	0.208979752
843	0.209086987
844	0.209192522
845	0.209296363
846	0.209398515
847	0.209498983
848	0.209597773
849	0.20969489
850	0.209790341
851	0.20988413
852	0.209976263
853	0.210066746
854	0.210155585
855	0.210242785
856	0.210328351
857	0.210412289
858	0.210494606
859	0.210575306
860	0.210654395
861	0.21073188
862	0.210807765
863	0.210882056
864	0.210954759
865	0.21102588
866	0.211095425
867	0.211163398
868	0.211229806
869	0.211294655
870	0.211357951
871	0.211419698
872	0.211479903
873	0.211538572
874	0.21159571
875	0.211651323
876	0.211705417
877	0.211757997
878	0.21180907
879	0.211858642
880	0.211906717
881	0.211953302
882	0.211998402
883	0.212042024
884	0.212084172
885	0.212124854
886	0.212164074
887	0.212201839
888	0.212238154
889	0.212273025
890	0.212306458
891	0.212338459
892	0.212369033
893	0.212398186
894	0.212425925
895	0.212452254
896	0.21247718
897	0.212500708
898	0.212522845
899	0.212543595
900	0.212562966
901	0.212580961
902	0.212597589
903	0.212612853
904	0.21262676
905	0.212639316
906	0.212650527
907	0.212660397
908	0.212668934
909	0.212676142
910	0.212682028
911	0.212686598
912	0.212689856
913	0.212691809
914	0.212692462
915	0.212691822
916	0.212689894
917	0.212686683
918	0.212682196
919	0.212676438
920	0.212669415
921	0.212661132
922	0.212651595
923	0.212640811
924	0.212628784
925	0.21261552
926	0.212601025
927	0.212585305
928	0.212568366
929	0.212550212
930	0.212530849
931	0.212510284
932	0.212488522
933	0.212465568
934	0.212441428
935	0.212416108
936	0.212389613
937	0.212361949
938	0.212333121
939	0.212303136
940	0.212271998
941	0.212239713
942	0.212206287
943	0.212171724
944	0.212136032
945	0.212099215
946	0.212061278
947	0.212022228
948	0.21198207
949	0.211940808
950	0.211898449
951	0.211854999
952	0.211810462
953	0.211764844
954	0.21171815
955	0.211670387
956	0.211621558
957	0.21157167
958	0.211520729
959	0.211468738
960	0.211415705
961	0.211361633
962	0.211306529
963	0.211250398
964	0.211193245
965	0.211135075
966	0.211075894
967	0.211015707
968	0.210954519
969	0.210892336
970	0.210829162
971	0.210765004
972	0.210699865
973	0.210633753
974	0.21056667
975	0.210498624
976	0.210429619
977	0.210359659
978	0.210288752
979	0.2102169
980	0.21014411
981	0.210070387
982	0.209995736
983	0.209920162
984	0.209843669
985	0.209766264
986	0.20968795
987	0.209608734
988	0.20952862
989	0.209447613
990	0.209365718
991	0.20928294
992	0.209199285
993	0.209114756
994	0.209029359
995	0.2089431
996	0.208855982
997	0.208768011
998	0.208679191
999	0.208589528
1000	0.208499027
1001	0.208407691
1002	0.208315527
1003	0.208222539
1004	0.208128731
1005	0.208034109
1006	0.207938677
1007	0.20784244
1008	0.207745403
1009	0.20764757
1010	0.207548947
1011	0.207449537
1012	0.207349347
1013	0.207248379
1014	0.20714664
1015	0.207044133
1016	0.206940863
1017	0.206836836
1018	0.206732055
1019	0.206626525
1020	0.206520251
1021	0.206413237
1022	0.206305488
1023	0.206197008
1024	0.206087802
1025	0.205977875
1026	0.20586723
1027	0.205755873
1028	0.205643808
1029	0.205531039
1030	0.20541757
1031	0.205303407
1032	0.205188554
1033	0.205073014
1034	0.204956793
1035	0.204839895
1036	0.204722324
1037	0.204604084
1038	0.20448518
1039	0.204365615
1040	0.204245396
1041	0.204124524
1042	0.204003006
1043	0.203880845
1044	0.203758045
1045	0.203634611
1046	0.203510546
1047	0.203385856
1048	0.203260544
1049	0.203134614
1050	0.20300807
1051	0.202880917
1052	0.202753159
1053	0.2026248
1054	0.202495843
1055	0.202366294
1056	0.202236155
1057	0.202105432
1058	0.201974128
1059	0.201842247
1060	0.201709793
1061	0.20157677
1062	0.201443182
1063	0.201309033
1064	0.201174328
1065	0.201039069
1066	0.200903261
1067	0.200766908
1068	0.200630013
1069	0.200492581
1070	0.200354615
1071	0.20021612
1072	0.200077098
1073	0.199937554
1074	0.199797492
1075	0.199656916
1076	0.199515828
1077	0.199374233
1078	0.199232136
1079	0.199089538
1080	0.198946445
1081	0.198802859
1082	0.198658785
1083	0.198514226
1084	0.198369186
1085	0.198223668
1086	0.198077676
1087	0.197931214
1088	0.197784285
1089	0.197636893
1090	0.197489042
1091	0.197340734
1092	0.197191974
1093	0.197042765
1094	0.196893111
1095	0.196743015
1096	0.19659248
1097	0.19644151
1098	0.196290109
1099	0.196138279
1100	0.195986025
1101	0.195833349
1102	0.195680256
1103	0.195526748
1104	0.195372829
1105	0.195218503
1106	0.195063772
1107	0.194908639
1108	0.19475311
1109	0.194597185
1110	0.194440869
1111	0.194284166
1112	0.194127078
1113	0.193969608
1114	0.19381176
1115	0.193653538
1116	0.193494943
1117	0.19333598
1118	0.193176652
1119	0.193016961
1120	0.192856911
1121	0.192696506
1122	0.192535747
1123	0.192374639
1124	0.192213184
1125	0.192051386
1126	0.191889247
1127	0.191726771
1128	0.191563961
1129	0.191400819
1130	0.191237349
1131	0.191073554
1132	0.190909436
1133	0.190744999
1134	0.190580245
1135	0.190415179
1136	0.190249801
1137	0.190084116
1138	0.189918127
1139	0.189751836
1140	0.189585246
1141	0.189418359
1142	0.18925118
1143	0.189083711
1144	0.188915954
1145	0.188747912
1146	0.188579589
1147	0.188410986
1148	0.188242108
1149	0.188072955
1150	0.187903533
1151	0.187733842
1152	0.187563886
1153	0.187393667
1154	0.187223189
1155	0.187052453
1156	0.186881463
1157	0.186710222
1158	0.186538731
1159	0.186366994
1160	0.186195012
1161	0.18602279
1162	0.185850329
1163	0.185677632
1164	0.185504702
1165	0.185331541
1166	0.185158151
1167	0.184984536
1168	0.184810698
1169	0.184636639
1170	0.184462362
1171	0.184287869
1172	0.184113163
1173	0.183938246
1174	0.183763121
1175	0.18358779
1176	0.183412256
1177	0.183236521
1178	0.183060587
1179	0.182884458
1180	0.182708134
1181	0.18253162
1182	0.182354916
1183	0.182178026
1184	0.182000951
1185	0.181823695
1186	0.181646259
1187	0.181468646
1188	0.181290857
1189	0.181112897
1190	0.180934765
1191	0.180756466
1192	0.180578001
1193	0.180399372
1194	0.180220581
1195	0.180041632
1196	0.179862526
1197	0.179683264
1198	0.179503851
1199	0.179324287
1200	0.179144574
1201	0.178964716
1202	0.178784714
1203	0.178604569
1204	0.178424286
1205	0.178243864
1206	0.178063308
1207	0.177882618
1208	0.177701796
1209	0.177520846
1210	0.177339768
1211	0.177158565
1212	0.17697724
1213	0.176795793
1214	0.176614227
1215	0.176432544
1216	0.176250747
1217	0.176068836
1218	0.175886814
1219	0.175704684
1220	0.175522446
1221	0.175340103
1222	0.175157657
1223	0.174975109
1224	0.174792462
1225	0.174609718
1226	0.174426878
1227	0.174243945
1228	0.174060919
1229	0.173877804
1230	0.173694601
1231	0.173511311
1232	0.173327937
1233	0.173144481
1234	0.172960944
1235	0.172777327
1236	0.172593634
1237	0.172409865
1238	0.172226023
1239	0.172042109
1240	0.171858125
1241	0.171674073
1242	0.171489954
1243	0.17130577
1244	0.171121524
1245	0.170937216
1246	0.170752848
1247	0.170568422
1248	0.17038394
1249	0.170199403
1250	0.170014814
1251	0.169830173
1252	0.169645482
1253	0.169460744
1254	0.169275959
1255	0.169091129
1256	0.168906256
1257	0.168721342
1258	0.168536388
1259	0.168351395
1260	0.168166365
1261	0.167981301
1262	0.167796203
1263	0.167611072
1264	0.167425911
1265	0.167240721
1266	0.167055504
1267	0.166870261
1268	0.166684993
1269	0.166499702
1270	0.16631439
1271	0.166129057
1272	0.165943707
1273	0.165758339
1274	0.165572955
1275	0.165387558
1276	0.165202147
1277	0.165016726
1278	0.164831294
1279	0.164645855
1280	0.164460408
1281	0.164274955
1282	0.164089498
1283	0.163904039
1284	0.163718578
1285	0.163533116
1286	0.163347656
1287	0.163162199
1288	0.162976746
1289	0.162791298
1290	0.162605856
1291	0.162420422
1292	0.162234998
1293	0.162049584
1294	0.161864182
1295	0.161678794
1296	0.161493419
1297	0.16130806
1298	0.161122719
1299	0.160937395
1300	0.160752091
1301	0.160566808
1302	0.160381546
1303	0.160196308
1304	0.160011094
1305	0.159825906
1306	0.159640744
1307	0.159455611
1308	0.159270507
1309	0.159085433
1310	0.158900391
1311	0.158715381
1312	0.158530406
1313	0.158345465
1314	0.158160561
1315	0.157975694
1316	0.157790866
1317	0.157606077
1318	0.157421329
1319	0.157236623
1320	0.157051959
1321	0.15686734
1322	0.156682766
1323	0.156498238
1324	0.156313758
1325	0.156129326
1326	0.155944943
1327	0.155760611
1328	0.155576331
1329	0.155392103
1330	0.155207929
1331	0.155023809
1332	0.154839746
1333	0.154655739
1334	0.154471789
1335	0.154287899
1336	0.154104068
1337	0.153920298
1338	0.15373659
1339	0.153552945
1340	0.153369363
1341	0.153185846
1342	0.153002394
1343	0.152819009
1344	0.152635692
1345	0.152452443
1346	0.152269264
1347	0.152086155
1348	0.151903117
1349	0.151720152
1350	0.151537259
1351	0.151354441
1352	0.151171698
1353	0.15098903
1354	0.150806439
1355	0.150623926
1356	0.150441491
1357	0.150259136
1358	0.15007686
1359	0.149894666
1360	0.149712554
1361	0.149530525
1362	0.149348579
1363	0.149166717
1364	0.148984941
1365	0.148803251
1366	0.148621648
1367	0.148440133
1368	0.148258706
1369	0.148077369
1370	0.147896122
1371	0.147714966
1372	0.147533901
1373	0.147352929
1374	0.147172051
1375	0.146991266
1376	0.146810576
1377	0.146629982
1378	0.146449485
1379	0.146269084
1380	0.146088781
1381	0.145908577
1382	0.145728472
1383	0.145548467
1384	0.145368563
1385	0.14518876
1386	0.14500906
1387	0.144829463
1388	0.144649969
1389	0.144470579
1390	0.144291295
1391	0.144112116
1392	0.143933043
1393	0.143754078
1394	0.14357522
1395	0.143396471
1396	0.143217831
1397	0.1430393
1398	0.14286088
1399	0.142682571
1400	0.142504373
1401	0.142326288
1402	0.142148316
1403	0.141970457
1404	0.141792713
1405	0.141615083
1406	0.141437569
1407	0.141260171
1408	0.141082889
1409	0.140905725
1410	0.140728678
1411	0.14055175
1412	0.140374941
1413	0.140198252
1414	0.140021682
1415	0.139845234
1416	0.139668907
1417	0.139492701
1418	0.139316619
1419	0.139140659
1420	0.138964822
1421	0.13878911
1422	0.138613523
1423	0.138438061
1424	0.138262724
1425	0.138087514
1426	0.13791243
1427	0.137737474
1428	0.137562646
1429	0.137387946
1430	0.137213374
1431	0.137038933
1432	0.136864621
1433	0.136690439
1434	0.136516388
1435	0.136342469
1436	0.136168681
1437	0.135995026
1438	0.135821503
1439	0.135648114
1440	0.135474859
1441	0.135301737
1442	0.135128751
1443	0.134955899
1444	0.134783183
1445	0.134610603
1446	0.13443816
1447	0.134265853
1448	0.134093684
1449	0.133921652
1450	0.133749759
1451	0.133578004
1452	0.133406389
1453	0.133234913
1454	0.133063577
1455	0.132892381
1456	0.132721326
1457	0.132550412
1458	0.132379639
1459	0.132209009
1460	0.13203852
1461	0.131868175
1462	0.131697972
1463	0.131527913
1464	0.131357998
1465	0.131188228
1466	0.131018601
1467	0.13084912
1468	0.130679784
1469	0.130510594
1470	0.13034155
1471	0.130172652
1472	0.130003902
1473	0.129835298
1474	0.129666842
1475	0.129498533
1476	0.129330373
1477	0.129162361
1478	0.128994498
1479	0.128826784
1480	0.12865922
1481	0.128491806
1482	0.128324541
1483	0.128157428
1484	0.127990465
1485	0.127823653
1486	0.127656992
1487	0.127490483
1488	0.127324126
1489	0.127157922
1490	0.12699187
1491	0.12682597
1492	0.126660225
1493	0.126494632
1494	0.126329193
1495	0.126163909
1496	0.125998778
1497	0.125833802
1498	0.125668981
1499	0.125504316
1500	0.125339805
1501	0.12517545
1502	0.125011251
1503	0.124847209
1504	0.124683322
1505	0.124519593
1506	0.12435602
1507	0.124192604
1508	0.124029346
1509	0.123866246
1510	0.123703303
1511	0.123540519
1512	0.123377893
1513	0.123215425
1514	0.123053116
1515	0.122890967
1516	0.122728976
1517	0.122567145
1518	0.122405474
1519	0.122243963
1520	0.122082612
1521	0.121921421
1522	0.121760391
1523	0.121599521
1524	0.121438813
1525	0.121278265
1526	0.121117879
1527	0.120957655
1528	0.120797592
1529	0.120637691
1530	0.120477952
1531	0.120318376
1532	0.120158962
1533	0.11999971
1534	0.119840622
1535	0.119681696
1536	0.119522934
1537	0.119364335
1538	0.119205899
1539	0.119047627
1540	0.118889519
1541	0.118731575
1542	0.118573795
1543	0.11841618
1544	0.118258728
1545	0.118101442
1546	0.11794432
1547	0.117787363
1548	0.117630572
1549	0.117473945
1550	0.117317484
1551	0.117161188
1552	0.117005058
1553	0.116849093
1554	0.116693295
1555	0.116537662
1556	0.116382196
1557	0.116226896
1558	0.116071762
1559	0.115916794
1560	0.115761994
1561	0.11560736
1562	0.115452893
1563	0.115298593
1564	0.11514446
1565	0.114990494
1566	0.114836695
1567	0.114683064
1568	0.1145296
1569	0.114376304
1570	0.114223176
1571	0.114070215
1572	0.113917422
1573	0.113764797
1574	0.113612341
1575	0.113460052
1576	0.113307932
1577	0.11315598
1578	0.113004196
1579	0.112852581
1580	0.112701135
1581	0.112549857
1582	0.112398748
1583	0.112247807
1584	0.112097036
1585	0.111946433
1586	0.111796
1587	0.111645735
1588	0.11149564
1589	0.111345714
1590	0.111195957
1591	0.11104637
1592	0.110896952
1593	0.110747703
1594	0.110598624
1595	0.110449714
1596	0.110300974
1597	0.110152404
1598	0.110004004
1599	0.109855773
1600	0.109707712
1601	0.10955982
1602	0.109412099
1603	0.109264548
1604	0.109117166
1605	0.108969955
1606	0.108822913
1607	0.108676042
1608	0.10852934
1609	0.108382809
1610	0.108236448
1611	0.108090257
1612	0.107944237
1613	0.107798386
1614	0.107652706
1615	0.107507196
1616	0.107361857
1617	0.107216688
1618	0.107071689
1619	0.10692686
1620	0.106782202
1621	0.106637714
1622	0.106493397
1623	0.10634925
1624	0.106205273
1625	0.106061467
1626	0.105917831
1627	0.105774366
1628	0.105631071
1629	0.105487946
1630	0.105344992
1631	0.105202208
1632	0.105059595
1633	0.104917152
1634	0.10477488
1635	0.104632778
1636	0.104490846
1637	0.104349085
1638	0.104207494
1639	0.104066074
1640	0.103924824
1641	0.103783744
1642	0.103642834
1643	0.103502095
1644	0.103361526
1645	0.103221128
1646	0.103080899
1647	0.102940841
1648	0.102800953
1649	0.102661235
1650	0.102521688
1651	0.10238231
1652	0.102243103
1653	0.102104066
1654	0.101965198
1655	0.101826501
1656	0.101687974
1657	0.101549617
1658	0.101411429
1659	0.101273412
1660	0.101135564
1661	0.100997886
1662	0.100860378
1663	0.100723039
1664	0.100585871
1665	0.100448871
1666	0.100312042
1667	0.100175382
1668	0.100038891
1669	0.09990257
1670	0.099766419
1671	0.099630436
1672	0.099494623
1673	0.09935898
1674	0.099223505
1675	0.0990882
1676	0.098953064
1677	0.098818096
1678	0.098683298
1679	0.098548669
1680	0.098414208
1681	0.098279917
1682	0.098145794
1683	0.09801184
1684	0.097878054
1685	0.097744437
1686	0.097610988
1687	0.097477708
1688	0.097344597
1689	0.097211653
1690	0.097078878
1691	0.096946271
1692	0.096813832
1693	0.096681561
1694	0.096549459
1695	0.096417524
1696	0.096285756
1697	0.096154157
1698	0.096022725
1699	0.095891461
1700	0.095760364
1701	0.095629435
1702	0.095498673
1703	0.095368078
1704	0.095237651
1705	0.095107391
1706	0.094977297
1707	0.094847371
1708	0.094717612
1709	0.094588019
1710	0.094458593
1711	0.094329334
1712	0.094200241
1713	0.094071315
1714	0.093942555
1715	0.093813961
1716	0.093685533
1717	0.093557272
1718	0.093429177
1719	0.093301247
1720	0.093173483
1721	0.093045885
1722	0.092918453
1723	0.092791186
1724	0.092664085
1725	0.092537149
1726	0.092410378
1727	0.092283772
1728	0.092157332
1729	0.092031056
1730	0.091904945
1731	0.091778999
1732	0.091653218
1733	0.091527601
1734	0.091402149
1735	0.091276861
1736	0.091151737
1737	0.091026777
1738	0.090901982
1739	0.09077735
1740	0.090652882
1741	0.090528578
1742	0.090404438
1743	0.090280461
1744	0.090156647
1745	0.090032997
1746	0.08990951
1747	0.089786186
1748	0.089663025
1749	0.089540026
1750	0.089417191
1751	0.089294518
1752	0.089172008
1753	0.08904966
1754	0.088927474
1755	0.08880545
1756	0.088683589
1757	0.088561889
1758	0.088440351
1759	0.088318975
1760	0.088197761
1761	0.088076708
1762	0.087955816
1763	0.087835086
1764	0.087714517
1765	0.087594108
1766	0.087473861
1767	0.087353774
1768	0.087233848
1769	0.087114082
1770	0.086994477
1771	0.086875032
1772	0.086755747
1773	0.086636622
1774	0.086517658
1775	0.086398852
1776	0.086280207
1777	0.086161721
1778	0.086043394
1779	0.085925227
1780	0.085807218
1781	0.085689369
1782	0.085571679
1783	0.085454147
1784	0.085336774
1785	0.085219559
1786	0.085102503
1787	0.084985605
1788	0.084868865
1789	0.084752283
1790	0.084635859
1791	0.084519592
1792	0.084403484
1793	0.084287532
1794	0.084171738
1795	0.084056101
1796	0.083940621
1797	0.083825298
1798	0.083710131
1799	0.083595122
1800	0.083480268
1801	0.083365571
1802	0.083251031
1803	0.083136646
1804	0.083022417
1805	0.082908345
1806	0.082794427
1807	0.082680666
1808	0.082567059
1809	0.082453608
1810	0.082340312
1811	0.082227171
1812	0.082114185
1813	0.082001354
1814	0.081888677
1815	0.081776154
1816	0.081663786
1817	0.081551572
1818	0.081439511
1819	0.081327605
1820	0.081215852
1821	0.081104253
1822	0.080992808
1823	0.080881515
1824	0.080770376
1825	0.080659389
1826	0.080548556
1827	0.080437875
1828	0.080327347
1829	0.080216971
1830	0.080106747
1831	0.079996675
1832	0.079886756
1833	0.079776988
1834	0.079667372
1835	0.079557907
1836	0.079448594
1837	0.079339432
1838	0.079230421
1839	0.079121561
1840	0.079012852
1841	0.078904293
1842	0.078795885
1843	0.078687627
1844	0.078579519
1845	0.078471562
1846	0.078363754
1847	0.078256096
1848	0.078148587
1849	0.078041228
1850	0.077934019
1851	0.077826958
1852	0.077720046
1853	0.077613284
1854	0.077506669
1855	0.077400204
1856	0.077293887
1857	0.077187718
1858	0.077081697
1859	0.076975823
1860	0.076870098
1861	0.07676452
1862	0.07665909
1863	0.076553807
1864	0.076448671
1865	0.076343683
1866	0.076238841
1867	0.076134145
1868	0.076029597
1869	0.075925194
1870	0.075820938
1871	0.075716828
1872	0.075612864
1873	0.075509045
1874	0.075405372
1875	0.075301845
1876	0.075198463
1877	0.075095226
1878	0.074992134
1879	0.074889186
1880	0.074786384
1881	0.074683726
1882	0.074581212
1883	0.074478843
1884	0.074376617
1885	0.074274536
1886	0.074172598
1887	0.074070803
1888	0.073969153
1889	0.073867645
1890	0.07376628
1891	0.073665059
1892	0.07356398
1893	0.073463044
1894	0.07336225
1895	0.073261598
1896	0.073161089
1897	0.073060722
1898	0.072960496
1899	0.072860412
1900	0.07276047
1901	0.072660669
1902	0.072561009
1903	0.07246149
1904	0.072362112
1905	0.072262875
1906	0.072163778
1907	0.072064822
1908	0.071966006
1909	0.07186733
1910	0.071768794
1911	0.071670398
1912	0.071572141
1913	0.071474024
1914	0.071376046
1915	0.071278207
1916	0.071180507
1917	0.071082945
1918	0.070985523
1919	0.070888239
1920	0.070791093
1921	0.070694085
1922	0.070597216
1923	0.070500484
1924	0.07040389
1925	0.070307433
1926	0.070211114
1927	0.070114932
1928	0.070018887
1929	0.069922978
1930	0.069827207
1931	0.069731572
1932	0.069636073
1933	0.069540711
1934	0.069445484
1935	0.069350394
1936	0.069255439
1937	0.06916062
1938	0.069065936
1939	0.068971388
1940	0.068876974
1941	0.068782696
1942	0.068688552
1943	0.068594543
1944	0.068500668
1945	0.068406928
1946	0.068313321
1947	0.068219849
1948	0.06812651
1949	0.068033305
1950	0.067940234
1951	0.067847296
1952	0.06775449
1953	0.067661818
1954	0.067569279
1955	0.067476872
1956	0.067384598
1957	0.067292457
1958	0.067200447
1959	0.067108569
1960	0.067016823
1961	0.066925209
1962	0.066833727
1963	0.066742375
1964	0.066651155
1965	0.066560066
1966	0.066469108
1967	0.066378281
1968	0.066287584
1969	0.066197017
1970	0.066106581
1971	0.066016275
1972	0.065926099
1973	0.065836052
1974	0.065746135
1975	0.065656347
1976	0.065566689
1977	0.06547716
1978	0.065387759
1979	0.065298488
1980	0.065209345
1981	0.06512033
1982	0.065031444
1983	0.064942686
1984	0.064854056
1985	0.064765553
1986	0.064677179
1987	0.064588931
1988	0.064500811
1989	0.064412818
1990	0.064324953
1991	0.064237214
1992	0.064149601
1993	0.064062115
1994	0.063974756
1995	0.063887522
1996	0.063800415
1997	0.063713433
1998	0.063626578
1999	0.063539847
2000	0.063453242
2001	0.063366763
2002	0.063280408
2003	0.063194178
2004	0.063108073
2005	0.063022093
2006	0.062936237
2007	0.062850505
2008	0.062764897
2009	0.062679413
2010	0.062594053
2011	0.062508817
2012	0.062423704
2013	0.062338714
2014	0.062253847
2015	0.062169103
2016	0.062084483
2017	0.061999984
2018	0.061915608
2019	0.061831355
2020	0.061747224
2021	0.061663214
2022	0.061579327
2023	0.061495561
2024	0.061411917
2025	0.061328394
2026	0.061244992
2027	0.061161711
2028	0.061078551
2029	0.060995512
2030	0.060912593
2031	0.060829795
2032	0.060747117
2033	0.060664559
2034	0.060582121
2035	0.060499803
2036	0.060417604
2037	0.060335525
2038	0.060253565
2039	0.060171724
2040	0.060090003
2041	0.0600084
2042	0.059926915
2043	0.059845549
2044	0.059764302
2045	0.059683172
2046	0.059602161
2047	0.059521267
2048	0.059440492
2049	0.059359833
2050	0.059279292
2051	0.059198869
2052	0.059118562
2053	0.059038372
2054	0.058958299
2055	0.058878343
2056	0.058798503
2057	0.058718779
2058	0.058639172
2059	0.05855968
2060	0.058480304
2061	0.058401044
2062	0.0583219
2063	0.05824287
2064	0.058163956
2065	0.058085157
2066	0.058006473
2067	0.057927903
2068	0.057849448
2069	0.057771108
2070	0.057692881
2071	0.057614769
2072	0.057536771
2073	0.057458886
2074	0.057381115
2075	0.057303457
2076	0.057225913
2077	0.057148482
2078	0.057071164
2079	0.056993959
2080	0.056916866
2081	0.056839886
2082	0.056763019
2083	0.056686263
2084	0.05660962
2085	0.056533089
2086	0.056456669
2087	0.056380361
2088	0.056304164
2089	0.056228079
2090	0.056152105
2091	0.056076242
2092	0.056000489
2093	0.055924848
2094	0.055849316
2095	0.055773896
2096	0.055698585
2097	0.055623385
2098	0.055548294
2099	0.055473313
2100	0.055398442
2101	0.05532368
2102	0.055249028
2103	0.055174484
2104	0.05510005
2105	0.055025725
2106	0.054951508
2107	0.0548774
2108	0.0548034
2109	0.054729508
2110	0.054655725
2111	0.054582049
2112	0.054508481
2113	0.054435021
2114	0.054361669
2115	0.054288423
2116	0.054215285
2117	0.054142254
2118	0.05406933
2119	0.053996512
2120	0.053923801
2121	0.053851197
2122	0.053778699
2123	0.053706307
2124	0.05363402
2125	0.05356184
2126	0.053489766
2127	0.053417797
2128	0.053345933
2129	0.053274174
2130	0.053202521
2131	0.053130973
2132	0.053059529
2133	0.05298819
2134	0.052916955
2135	0.052845825
2136	0.052774799
2137	0.052703877
2138	0.052633059
2139	0.052562345
2140	0.052491734
2141	0.052421227
2142	0.052350823
2143	0.052280522
2144	0.052210325
2145	0.05214023
2146	0.052070238
2147	0.052000348
2148	0.051930561
2149	0.051860876
2150	0.051791293
2151	0.051721812
2152	0.051652434
2153	0.051583156
2154	0.051513981
2155	0.051444906
2156	0.051375933
2157	0.051307061
2158	0.051238291
2159	0.05116962
2160	0.051101051
2161	0.051032582
2162	0.050964214
2163	0.050895945
2164	0.050827777
2165	0.050759709
2166	0.050691741
2167	0.050623872
2168	0.050556103
2169	0.050488433
2170	0.050420862
2171	0.050353391
2172	0.050286018
2173	0.050218745
2174	0.05015157
2175	0.050084493
2176	0.050017515
2177	0.049950635
2178	0.049883853
2179	0.049817169
2180	0.049750583
2181	0.049684095
2182	0.049617704
2183	0.049551411
2184	0.049485214
2185	0.049419115
2186	0.049353113
2187	0.049287208
2188	0.049221399
2189	0.049155687
2190	0.049090072
2191	0.049024552
2192	0.048959129
2193	0.048893801
2194	0.04882857
2195	0.048763434
2196	0.048698394
2197	0.048633449
2198	0.0485686
2199	0.048503845
2200	0.048439186
2201	0.048374622
2202	0.048310152
2203	0.048245777
2204	0.048181496
2205	0.048117309
2206	0.048053217
2207	0.047989219
2208	0.047925315
2209	0.047861504
2210	0.047797787
2211	0.047734164
2212	0.047670634
2213	0.047607197
2214	0.047543853
2215	0.047480602
2216	0.047417444
2217	0.047354379
2218	0.047291406
2219	0.047228526
2220	0.047165737
2221	0.047103041
2222	0.047040437
2223	0.046977925
2224	0.046915504
2225	0.046853175
2226	0.046790938
2227	0.046728792
2228	0.046666737
2229	0.046604773
2230	0.0465429
2231	0.046481118
2232	0.046419426
2233	0.046357825
2234	0.046296314
2235	0.046234893
2236	0.046173563
2237	0.046112323
2238	0.046051172
2239	0.045990111
2240	0.04592914
2241	0.045868258
2242	0.045807465
2243	0.045746762
2244	0.045686148
2245	0.045625622
2246	0.045565185
2247	0.045504837
2248	0.045444578
2249	0.045384407
2250	0.045324324
2251	0.045264329
2252	0.045204422
2253	0.045144603
2254	0.045084872
2255	0.045025229
2256	0.044965673
2257	0.044906204
2258	0.044846822
2259	0.044787528
2260	0.04472832
2261	0.0446692
2262	0.044610166
2263	0.044551218
2264	0.044492357
2265	0.044433582
2266	0.044374894
2267	0.044316291
2268	0.044257775
2269	0.044199344
2270	0.044140999
2271	0.044082739
2272	0.044024565
2273	0.043966476
2274	0.043908473
2275	0.043850554
2276	0.04379272
2277	0.043734971
2278	0.043677307
2279	0.043619727
2280	0.043562231
2281	0.04350482
2282	0.043447493
2283	0.04339025
2284	0.04333309
2285	0.043276015
2286	0.043219023
2287	0.043162115
2288	0.04310529
2289	0.043048548
2290	0.04299189
2291	0.042935314
2292	0.042878822
2293	0.042822412
2294	0.042766084
2295	0.04270984
2296	0.042653677
2297	0.042597597
2298	0.042541599
2299	0.042485683
2300	0.042429849
2301	0.042374097
2302	0.042318426
2303	0.042262837
2304	0.04220733
2305	0.042151903
2306	0.042096558
2307	0.042041294
2308	0.04198611
2309	0.041931008
2310	0.041875986
2311	0.041821045
2312	0.041766184
2313	0.041711403
2314	0.041656703
2315	0.041602083
2316	0.041547542
2317	0.041493082
2318	0.041438701
2319	0.041384399
2320	0.041330178
2321	0.041276035
2322	0.041221972
2323	0.041167988
2324	0.041114082
2325	0.041060256
2326	0.041006508
2327	0.040952839
2328	0.040899249
2329	0.040845737
2330	0.040792303
2331	0.040738947
2332	0.04068567
2333	0.04063247
2334	0.040579348
2335	0.040526304
2336	0.040473337
2337	0.040420448
2338	0.040367636
2339	0.040314901
2340	0.040262243
2341	0.040209663
2342	0.040157159
2343	0.040104732
2344	0.040052381
2345	0.040000107
2346	0.03994791
2347	0.039895789
2348	0.039843743
2349	0.039791774
2350	0.039739881
2351	0.039688064
2352	0.039636322
2353	0.039584656
2354	0.039533065
2355	0.03948155
2356	0.03943011
2357	0.039378745
2358	0.039327455
2359	0.03927624
2360	0.0392251
2361	0.039174034
2362	0.039123043
2363	0.039072127
2364	0.039021285
2365	0.038970517
2366	0.038919823
2367	0.038869203
2368	0.038818657
2369	0.038768184
2370	0.038717786
2371	0.038667461
2372	0.038617209
2373	0.038567031
2374	0.038516925
2375	0.038466893
2376	0.038416934
2377	0.038367048
2378	0.038317235
2379	0.038267494
2380	0.038217825
2381	0.03816823
2382	0.038118706
2383	0.038069255
2384	0.038019875
2385	0.037970568
2386	0.037921333
2387	0.037872169
2388	0.037823077
2389	0.037774057
2390	0.037725108
2391	0.03767623
2392	0.037627423
2393	0.037578688
2394	0.037530024
2395	0.03748143
2396	0.037432908
2397	0.037384456
2398	0.037336074
2399	0.037287763
2400	0.037239523
2401	0.037191352
2402	0.037143252
2403	0.037095222
2404	0.037047261
2405	0.036999371
2406	0.03695155
2407	0.036903799
2408	0.036856117
2409	0.036808505
2410	0.036760962
2411	0.036713488
2412	0.036666083
2413	0.036618747
2414	0.03657148
2415	0.036524282
2416	0.036477153
2417	0.036430092
2418	0.036383099
2419	0.036336175
2420	0.036289319
2421	0.036242531
2422	0.036195811
2423	0.036149159
2424	0.036102575
2425	0.036056058
2426	0.03600961
2427	0.035963228
2428	0.035916914
2429	0.035870668
2430	0.035824488
2431	0.035778376
2432	0.03573233
2433	0.035686352
2434	0.03564044
2435	0.035594595
2436	0.035548816
2437	0.035503104
2438	0.035457459
2439	0.035411879
2440	0.035366366
2441	0.035320919
2442	0.035275538
2443	0.035230222
2444	0.035184973
2445	0.035139789
2446	0.03509467
2447	0.035049617
2448	0.03500463
2449	0.034959707
2450	0.03491485
2451	0.034870058
2452	0.034825331
2453	0.034780669
2454	0.034736071
2455	0.034691538
2456	0.03464707
2457	0.034602666
2458	0.034558326
2459	0.034514051
2460	0.03446984
2461	0.034425693
2462	0.03438161
2463	0.03433759
2464	0.034293635
2465	0.034249743
2466	0.034205915
2467	0.03416215
2468	0.034118449
2469	0.034074811
2470	0.034031236
2471	0.033987724
2472	0.033944275
2473	0.033900889
2474	0.033857566
2475	0.033814305
2476	0.033771107
2477	0.033727972
2478	0.033684899
2479	0.033641888
2480	0.03359894
2481	0.033556053
2482	0.033513229
2483	0.033470466
2484	0.033427766
2485	0.033385127
2486	0.03334255
2487	0.033300034
2488	0.03325758
2489	0.033215187
2490	0.033172855
2491	0.033130585
2492	0.033088375
2493	0.033046227
2494	0.033004139
2495	0.032962113
2496	0.032920147
2497	0.032878241
2498	0.032836396
2499	0.032794612
2500	0.032752888
