Wavelength	 RAW_spectrum_average_lamp
350	70.98741302
351	72.6657341
352	75.11608276
353	77.89722137
354	80.88741379
355	82.63566284
356	83.99370575
357	85.4713295
358	88.4783226
359	90.63496475
360	92.3615387
361	93.7601387
362	95.66223755
363	97.3902092
364	98.9258728
365	102.0727264
366	103.5541672
367	104.5062943
368	108.0727272
369	110.2937057
370	111.8468521
371	112.9657349
372	115.807692
373	119.136364
374	122.7265732
375	124.055246
376	127.1580429
377	131.3370621
378	134.6937012
379	138.6923645
380	143.0993042
381	147.924472
382	152.990213
383	158.065036
384	163.1
385	169.2538452
386	175.2083923
387	181.3062927
388	189.2083893
389	196.0678345
390	202.9321686
391	210.9041977
392	219.4194412
393	228.1699326
394	237.1209808
395	246.8258728
396	257.3538406
397	268.5006927
398	279.3398621
399	291.0958038
400	303.3909088
401	316.0482574
402	328.8797272
403	342.2783173
404	356.4741272
405	370.6416718
406	385.1573395
407	400.0664307
408	415.7307709
409	431.1139862
410	446.1741211
411	460.649646
412	478.5237701
413	496.7433563
414	514.2258667
415	533.1034851
416	552.1272705
417	571.0545471
418	588.3272827
419	605.5208313
420	622.6230774
421	639.5461548
422	655.695813
423	671.5391663
424	687.2035156
425	705.2091064
426	721.7125854
427	736.4545288
428	750.0908936
429	763.8167969
430	777.5930176
431	791.3692261
432	804.0958252
433	816.0328491
434	827.0118896
435	838.2454529
436	848.9
437	858.8895081
438	868.679718
439	878.6867126
440	888.6272766
441	897.7181946
442	907.2342712
443	916.8384644
444	926.3489502
445	935.1125
446	943.7566528
447	952.3412537
448	960.3832275
449	969.3901978
450	978.719574
451	986.4818176
452	995.5377747
453	1004.701392
454	1013.093011
455	1023.269226
456	1033.342688
457	1042.997217
458	1052.858337
459	1064.179028
460	1076.483215
461	1088.37135
462	1099.655273
463	1111.94126
464	1127.255981
465	1141.307678
466	1155.695105
467	1170.8
468	1186.114685
469	1201.987415
470	1218.56665
471	1236.9
472	1254.637781
473	1272.932166
474	1293.421692
475	1314.557373
476	1336.016772
477	1357.765051
478	1380.678308
479	1403.846155
480	1427.320276
481	1451.655957
482	1478.018188
483	1505.386096
484	1533.025
485	1560.420972
486	1588.527271
487	1617.827991
488	1649.276941
489	1681.667847
490	1714.765735
491	1747.423059
492	1783.125867
493	1819.808386
494	1854.843372
495	1891.804199
496	1929.434729
497	1967.420825
498	2007.299976
499	2047.335632
500	2087.590234
501	2129.967822
502	2171.163647
503	2212.292285
504	2255.439111
505	2298.365063
506	2341.534253
507	2385.240552
508	2428.166479
509	2472.169434
510	2517.41958
511	2564.412598
512	2610.788818
513	2657.096509
514	2704.579004
515	2752.007739
516	2800.109766
517	2849.550342
518	2898.290918
519	2947.902075
520	2998.46853
521	3047.839185
522	3098.719482
523	3149.784595
524	3197.476855
525	3248.15874
526	3299.478979
527	3350.038403
528	3400.411206
529	3449.827979
530	3498.134912
531	3545.967163
532	3593.673389
533	3641.046191
534	3687.2
535	3733.476367
536	3779.263647
537	3823.809082
538	3868.050293
539	3910.861548
540	3951.910474
541	3992.959497
542	4032.953833
543	4072.058716
544	4110.450537
545	4146.52583
546	4181.98457
547	4218.138428
548	4250.851318
549	4283.157324
550	4315.674854
551	4339.538428
552	4363.23623
553	4386.945459
554	4411.14126
555	4435.483984
556	4460.38042
557	4486.604199
558	4513.474219
559	4540.753906
560	4568.446094
561	4599.633691
562	4627.258984
563	4651.053711
564	4667.907031
565	4684.237012
566	4699.202246
567	4710.810498
568	4721.501367
569	4731.772754
570	4741.702783
571	4748.141943
572	4752.878906
573	4756.109814
574	4758.207715
575	4759.970215
576	4761.39292
577	4762.232275
578	4764.749658
579	4767.014063
580	4768.132813
581	4768.134326
582	4768.777539
583	4770.123096
584	4771.661426
585	4774.018311
586	4776.476855
587	4777.735547
588	4780.413867
589	4783.64834
590	4787.214746
591	4790.073389
592	4794.549658
593	4800.702148
594	4805.737109
595	4811.565039
596	4817.746777
597	4823.481104
598	4832.015332
599	4840.292236
600	4846.446191
601	4856.479102
602	4867.751709
603	4879.874854
604	4889.245508
605	4901.004883
606	4914.291602
607	4927.578223
608	4944.851025
609	4962.736377
610	4979.100098
611	4997.019531
612	5013.555322
613	5028.297949
614	5044.895117
615	5058.590381
616	5069.462793
617	5076.106299
618	5079.431396
619	5080.018896
620	5077.081836
621	5069.338379
622	5060.630811
623	5051.549658
624	5036.514648
625	5023.102051
626	5010.5646
627	4996.328418
628	4980.879736
629	4966.325928
630	4955.346875
631	4936.997119
632	4917.141309
633	4897.001416
634	4882.607617
635	4875.986719
636	4876.227246
637	4881.821582
638	4891.674756
639	4907.025
640	4932.302783
641	4966.259473
642	5000.51123
643	5032.539355
644	5065.991602
645	5100.847607
646	5137.246191
647	5176.756641
648	5217.123096
649	5259.238574
650	5305.392236
651	5357.222998
652	5411.8354
653	5468.849365
654	5533.881836
655	5603.736426
656	5678.382568
657	5760.4104
658	5844.884619
659	5932.195068
660	6024.782471
661	6119.27207
662	6215.427197
663	6313.60918
664	6409.884668
665	6503.006201
666	6592.80835
667	6677.213916
668	6754.951123
669	6827.600732
670	6895.223145
671	6954.772754
672	7010.62583
673	7063.842676
674	7113.971338
675	7162.529395
676	7209.66499
677	7255.748926
678	7300.40625
679	7344.297168
680	7388.492969
681	7433.964355
682	7479.7
683	7525.154492
684	7573.441406
685	7621.648193
686	7669.642773
687	7723.209131
688	7775.367822
689	7826.979004
690	7880.195898
691	7932.71875
692	7985.622461
693	8039.888184
694	8091.446143
695	8144.900684
696	8201.034961
697	8252.783008
698	8306.099414
699	8359.934277
700	8410.773535
701	8460.846875
702	8508.644043
703	8551.790723
704	8595.607422
705	8638.83877
706	8681.2
707	8721.689551
708	8760.385254
709	8797.003516
710	8829.171289
711	8860.395703
712	8891.07832
713	8921.358008
714	8947.655273
715	8972.104102
716	8994.971387
717	9017.423047
718	9039.666602
719	9061.382422
720	9080.403125
721	9097.590723
722	9113.918164
723	9130.141992
724	9145.90127
725	9161.062305
726	9175.467773
727	9190.619629
728	9204.661523
729	9217.438574
730	9227.788184
731	9233.130566
732	9236.205469
733	9239.5625
734	9235.158984
735	9231.40625
736	9231.685938
737	9236.283789
738	9247.145313
739	9262.874121
740	9271.475488
741	9278.646289
742	9285.706836
743	9294.867773
744	9299.08916
745	9300.597266
746	9299.478223
747	9300.440625
748	9302.678125
749	9306.519629
750	9316.799219
751	9320.186719
752	9318.478223
753	9312.184473
754	9309.491016
755	9304.924414
756	9294.994531
757	9282.125195
758	9268.150195
759	9253.349805
760	9240.342578
761	9227.249121
762	9213.823242
763	9199.207617
764	9182.944824
765	9166.092383
766	9149.099219
767	9133.050586
768	9116.28457
769	9098.511328
770	9078.788672
771	9058.564258
772	9037.992969
773	9017.363574
774	8994.14668
775	8970.215625
776	8946.719922
777	8918.977051
778	8891.347559
779	8864.498633
780	8834.428809
781	8807.081641
782	8780.833398
783	8750.416797
784	8722.515625
785	8694.862305
786	8665.421777
787	8635.379785
788	8605.420313
789	8575.7
790	8545.070605
791	8512.488184
792	8478.73584
793	8446.847656
794	8413.023047
795	8378.086035
796	8342.32207
797	8306.524121
798	8270.920898
799	8235.60625
800	8200.839941
801	8165.084668
802	8128.679004
803	8093.504395
804	8056.930078
805	8020.036377
806	7984.022363
807	7945.628613
808	7906.494482
809	7866.980518
810	7823.374756
811	7780.043359
812	7737.106299
813	7694.169287
814	7653.387451
815	7613.9021
816	7575.160742
817	7538.458691
818	7502.314697
819	7466.300684
820	7428.360107
821	7390.997314
822	7353.944043
823	7313.244727
824	7272.409033
825	7231.099854
826	7188.372754
827	7148.518164
828	7108.269238
829	7065.961572
830	7026.385449
831	6987.993701
832	6950.473389
833	6911.522363
834	6872.788867
835	6834.277588
836	6796.16582
837	6757.299951
838	6718.494287
839	6680.242578
840	6640.209033
841	6600.603516
842	6561.551025
843	6520.571973
844	6479.679639
845	6439.212646
846	6400.331445
847	6362.194385
848	6324.60835
849	6287.663916
850	6248.933545
851	6210.561572
852	6172.90498
853	6136.401367
854	6099.730127
855	6063.232275
856	6028.127246
857	5992.349609
858	5956.357227
859	5920.413281
860	5884.1
861	5847.25625
862	5809.830811
863	5772.907764
864	5737.079639
865	5701.929297
866	5666.125
867	5630.169873
868	5593.588135
869	5555.616064
870	5519.628564
871	5483.904248
872	5448.1
873	5413.204932
874	5378.131299
875	5343.172656
876	5309.886035
877	5275.375586
878	5240.189551
879	5204.594971
880	5167.884668
881	5131.735693
882	5096.700684
883	5061.048926
884	5025.88457
885	4991.028613
886	4955.434473
887	4919.866699
888	4884.825879
889	4851.329492
890	4816.91543
891	4783.14541
892	4750.697852
893	4715.430811
894	4680.602295
895	4646.364355
896	4613.007715
897	4579.41665
898	4545.441895
899	4510.616748
900	4477.61875
901	4444.395898
902	4410.060156
903	4376.973486
904	4343.502832
905	4309.760156
906	4278.011914
907	4245.581738
908	4212.615332
909	4179.048926
910	4146.034961
911	4113.369189
912	4081.061548
913	4050.512524
914	4018.346826
915	3984.51189
916	3953.043335
917	3920.517456
918	3887.944067
919	3857.664307
920	3823.615381
921	3789.795825
922	3758.607031
923	3726.399951
924	3693.924463
925	3661.340967
926	3630.160425
927	3598.249585
928	3566.073462
929	3534.814722
930	3502.139868
931	3469.462939
932	3437.784595
933	3404.799316
934	3372.295801
935	3340.539111
936	3308.51123
937	3276.525195
938	3244.852808
939	3214.575
940	3182.866528
941	3150.817456
942	3119.209106
943	3087.174756
944	3055.815405
945	3025.392285
946	2994.623096
947	2965.881812
948	2938.199951
949	2908.200098
950	2879.156616
951	2850.70415
952	2822.7875
953	2794.942676
954	2767.580371
955	2740.867139
956	2713.669238
957	2686.427295
958	2659.118164
959	2631.565747
960	2603.425952
961	2575.638428
962	2549.484619
963	2520.217432
964	2491.723633
965	2465.195801
966	2438.14895
967	2410.179736
968	2381.230835
969	2350.601343
970	2322.730103
971	2295.317456
972	2265.387427
973	2235.170654
974	2206.363672
975	2179.860132
976	2152.886768
977	2127.244482
978	2102.916772
979	2079.769971
980	2053.623096
981	2026.236365
982	1999.872729
983	1973.285291
984	1946.641943
985	1919.998608
986	1893.158057
987	1866.019568
988	1838.696509
989	1812.402759
990	1786.836353
991	1761.318054
992	1734.581946
993	1708.845471
994	1683.660168
995	1658.974841
996	1633.83916
997	1608.321655
998	1582.552466
999	1558.426563
1000	1533.067163
1001	393.6576141
1002	398.7859467
1003	403.6601318
1004	408.6277161
1005	413.978833
1006	419.5690887
1007	425.3211365
1008	430.8383331
1009	436.213443
1010	441.9239258
1011	448.08638
1012	454.144696
1013	459.9341309
1014	465.7045837
1015	471.4863373
1016	477.3470642
1017	483.3214996
1018	489.5774719
1019	495.8798889
1020	502.5896973
1021	509.4813965
1022	516.3057251
1023	523.0081543
1024	529.9550476
1025	537.0588745
1026	544.162738
1027	551.220459
1028	558.3551453
1029	565.7211304
1030	573.1241272
1031	580.6801941
1032	588.291333
1033	596.1213623
1034	603.9893677
1035	612.276178
1036	620.6340271
1037	628.9166504
1038	637.1849304
1039	645.6758667
1040	654.0595337
1041	662.4096619
1042	670.916449
1043	679.7468567
1044	688.9157715
1045	697.8585327
1046	706.2486572
1047	714.6939758
1048	723.3934448
1049	732.089917
1050	740.6726868
1051	749.2748108
1052	758.5659912
1053	767.9067993
1054	776.8409485
1055	785.7117737
1056	794.7779297
1057	803.8861267
1058	812.9887817
1059	822.0500854
1060	830.884314
1061	839.6203796
1062	848.4067078
1063	857.1893738
1064	865.8936646
1065	874.4668213
1066	883.0189331
1067	891.4029602
1068	899.8122437
1069	908.6008728
1070	917.3895142
1071	925.7213257
1072	934.0400269
1073	942.2608887
1074	950.4624146
1075	958.6996033
1076	966.9497498
1077	975.160144
1078	983.342218
1079	991.447876
1080	999.4885742
1081	1007.701001
1082	1016.14765
1083	1024.638245
1084	1033.274963
1085	1041.788513
1086	1049.832971
1087	1057.958936
1088	1066.718982
1089	1075.478723
1090	1083.942542
1091	1092.418176
1092	1101.24054
1093	1110.143884
1094	1119.350598
1095	1128.636353
1096	1138.122485
1097	1147.787988
1098	1157.711743
1099	1167.877393
1100	1178.210925
1101	1188.782178
1102	1199.517737
1103	1210.871899
1104	1222.459583
1105	1234.696301
1106	1246.902649
1107	1259.83114
1108	1272.918176
1109	1287.091602
1110	1301.278662
1111	1315.748523
1112	1330.340576
1113	1345.78114
1114	1361.632446
1115	1378.357654
1116	1395.448938
1117	1412.946631
1118	1430.87207
1119	1449.235083
1120	1468.256592
1121	1487.573254
1122	1507.619922
1123	1528.051099
1124	1549.789722
1125	1571.702686
1126	1594.642639
1127	1617.872729
1128	1642.782874
1129	1667.878577
1130	1693.308789
1131	1718.913245
1132	1746.820715
1133	1775.283704
1134	1804.037451
1135	1833.099731
1136	1864.482153
1137	1897.169702
1138	1930.233105
1139	1964.067847
1140	1998.949548
1141	2035.5052
1142	2073.191626
1143	2113.683691
1144	2154.802905
1145	2198.038867
1146	2241.807666
1147	2287.476343
1148	2333.757568
1149	2382.963745
1150	2433.099634
1151	2485.173633
1152	2537.661353
1153	2593.159326
1154	2649.665308
1155	2707.789502
1156	2766.833789
1157	2827.835449
1158	2890.420776
1159	2953.889087
1160	3017.754688
1161	3082.696069
1162	3149.438062
1163	3216.240967
1164	3283.567944
1165	3351.457886
1166	3420.690332
1167	3489.968433
1168	3558.733325
1169	3627.823853
1170	3698.27417
1171	3768.634082
1172	3837.718823
1173	3906.550366
1174	3975.432568
1175	4044.438745
1176	4112.680908
1177	4180.342578
1178	4248.073389
1179	4315.631885
1180	4381.819775
1181	4447.12207
1182	4511.794434
1183	4575.820361
1184	4639.183887
1185	4700.881982
1186	4762.030859
1187	4822.263379
1188	4881.970801
1189	4940.332275
1190	4998.193457
1191	5055.067041
1192	5110.984473
1193	5164.963428
1194	5218.630371
1195	5271.792627
1196	5323.942187
1197	5373.837061
1198	5423.042432
1199	5471.429785
1200	5519.406836
1201	5565.243359
1202	5609.685742
1203	5653.614014
1204	5696.701953
1205	5738.608936
1206	5779.644678
1207	5819.86001
1208	5859.322803
1209	5897.900098
1210	5934.790771
1211	5971.747119
1212	6008.671582
1213	6044.769092
1214	6079.456982
1215	6113.788477
1216	6147.727588
1217	6181.302197
1218	6214.291455
1219	6247.104395
1220	6279.864893
1221	6312.304346
1222	6343.568604
1223	6374.642969
1224	6406.761035
1225	6439.060938
1226	6470.289014
1227	6501.089258
1228	6532.134717
1229	6563.230859
1230	6593.865186
1231	6624.247461
1232	6655.303613
1233	6687.093115
1234	6718.653223
1235	6750.08877
1236	6781.93877
1237	6814.33125
1238	6846.692139
1239	6878.804639
1240	6911.151025
1241	6944.510352
1242	6978.338574
1243	7012.130225
1244	7046.163916
1245	7081.204785
1246	7116.660107
1247	7152.220215
1248	7188.360986
1249	7225.994238
1250	7264.476318
1251	7303.710352
1252	7343.692969
1253	7384.53584
1254	7425.602295
1255	7467.042822
1256	7509.468457
1257	7553.331494
1258	7597.74541
1259	7641.794141
1260	7686.422412
1261	7732.256104
1262	7778.448975
1263	7824.222266
1264	7869.786816
1265	7915.699512
1266	7962.413818
1267	8009.044727
1268	8055.142871
1269	8101.481152
1270	8147.920264
1271	8193.603809
1272	8238.866406
1273	8284.635937
1274	8330.799805
1275	8376.821484
1276	8422.206738
1277	8467.228711
1278	8512.80332
1279	8558.64082
1280	8604.239648
1281	8649.201855
1282	8693.329687
1283	8737.449121
1284	8780.757617
1285	8822.725
1286	8864.33584
1287	8905.176465
1288	8944.302734
1289	8982.018848
1290	9018.822656
1291	9054.76084
1292	9089.568457
1293	9121.925195
1294	9152.758887
1295	9182.252246
1296	9210.289453
1297	9236.520996
1298	9261.427832
1299	9284.964844
1300	9307.571484
1301	9329.250293
1302	9350.558398
1303	9371.541016
1304	9391.809863
1305	9411.337988
1306	9430.763086
1307	9450.240332
1308	9470.04082
1309	9490.545215
1310	9511.791016
1311	9534.058984
1312	9557.175293
1313	9581.370898
1314	9606.504004
1315	9633.360937
1316	9662.602441
1317	9694.575391
1318	9729.060742
1319	9766.781738
1320	9807.810156
1321	9851.910352
1322	9899.73125
1323	9950.878027
1324	10006.77822
1325	10066.23877
1326	10129.50918
1327	10196.90176
1328	10269.81006
1329	10346.52314
1330	10427.0248
1331	10511.02832
1332	10599.93232
1333	10692.49043
1334	10789.00342
1335	10889.20313
1336	10993.05361
1337	11098.57725
1338	11206.13281
1339	11316.05693
1340	11428.86455
1341	11543.40703
1342	11658.75127
1343	11774.76104
1344	11892.28701
1345	12009.44922
1346	12124.6168
1347	12238.91299
1348	12352.53623
1349	12465.89209
1350	12578.21807
1351	12688.51934
1352	12797.82549
1353	12905.90967
1354	13009.0248
1355	13110.39697
1356	13213.371
1357	13318.52803
1358	13425.88984
1359	13535.34639
1360	13647.62773
1361	13763.88838
1362	13883.70039
1363	14009.03486
1364	14141.88086
1365	14284.72158
1366	14432.3585
1367	14585.24473
1368	14742.55
1369	14902.92246
1370	15063.76123
1371	15224.329
1372	15383.04502
1373	15537.8832
1374	15686.09443
1375	15821.54229
1376	15948.74395
1377	16067.47314
1378	16179.68086
1379	16285.52422
1380	16388.67383
1381	16490.35703
1382	16593.42832
1383	16701.18359
1384	16813.60508
1385	16934.2877
1386	17059.52637
1387	17186.69492
1388	17315.2377
1389	17444.25547
1390	17572.59063
1391	17698.58379
1392	17821.31641
1393	17936.63027
1394	18046.77305
1395	18151.71797
1396	18252.96504
1397	18354.81113
1398	18458.6834
1399	18560.48223
1400	18660.35742
1401	18762.07656
1402	18865.29199
1403	18969.34082
1404	19074.10664
1405	19179.7252
1406	19287.51738
1407	19393.26465
1408	19495.50762
1409	19601.5168
1410	19710.6375
1411	19816.65293
1412	19921.23711
1413	20026.57598
1414	20131.68809
1415	20235.90234
1416	20338.2498
1417	20440.40566
1418	20541.6832
1419	20640.50098
1420	20736.84805
1421	20832.85879
1422	20927.7418
1423	21021.7748
1424	21114.68594
1425	21207.20254
1426	21299.16133
1427	21390.2252
1428	21479.99082
1429	21569.37871
1430	21658.91133
1431	21748.01465
1432	21834.84512
1433	21921.41484
1434	22009.61035
1435	22097.97246
1436	22185.21953
1437	22271.82773
1438	22358.46582
1439	22445.24473
1440	22530.62012
1441	22615.57656
1442	22701.35938
1443	22786.47617
1444	22869.46582
1445	22952.375
1446	23036.32598
1447	23120.42793
1448	23203.24688
1449	23285.54883
1450	23368.10117
1451	23450.17441
1452	23531.40234
1453	23612.60352
1454	23693.62793
1455	23774.49961
1456	23853.2834
1457	23930.99766
1458	24008.40352
1459	24084.87207
1460	24159.91348
1461	24234.85586
1462	24307.90234
1463	24380.13945
1464	24450.39023
1465	24518.91211
1466	24587.67695
1467	24656.63887
1468	24724.42578
1469	24792.19492
1470	24860.38789
1471	24928.94453
1472	24997.40273
1473	25065.48223
1474	25134.61465
1475	25204.39902
1476	25272.38984
1477	25339.14395
1478	25406.08398
1479	25473.60254
1480	25540.17637
1481	25605.15645
1482	25670.6877
1483	25736.33027
1484	25800.42188
1485	25863.87637
1486	25927.73184
1487	25991.84883
1488	26055.00195
1489	26116.92656
1490	26179.31562
1491	26241.82891
1492	26302.39238
1493	26361.09609
1494	26420.05801
1495	26479.30098
1496	26537.98809
1497	26595.83027
1498	26653.69746
1499	26711.18223
1500	26767.38672
1501	26822.52637
1502	26877.50293
1503	26931.98516
1504	26986.3709
1505	27040.0709
1506	27093.6791
1507	27147.4209
1508	27200.23711
1509	27251.87773
1510	27303.54355
1511	27355.09883
1512	27406.1625
1513	27456.1373
1514	27506.04883
1515	27555.28867
1516	27603.27441
1517	27649.73691
1518	27696.33379
1519	27742.73438
1520	27788.13086
1521	27832.62539
1522	27877.69258
1523	27922.62148
1524	27967.35996
1525	28012.10313
1526	28056.4127
1527	28099.82051
1528	28142.75938
1529	28185.03145
1530	28227.71758
1531	28270.475
1532	28312.7002
1533	28354.07129
1534	28394.99336
1535	28436.20352
1536	28477.14219
1537	28516.58711
1538	28556.51426
1539	28596.84512
1540	28636.21582
1541	28674.58379
1542	28712.94863
1543	28751.37793
1544	28790.11523
1545	28829.08125
1546	28868.59746
1547	28909.30332
1548	28950.45156
1549	28992.9498
1550	29036.39355
1551	29081.30938
1552	29126.23535
1553	29171.36602
1554	29217.23242
1555	29264.03047
1556	29310.51543
1557	29356.32383
1558	29401.43809
1559	29445.98203
1560	29490.41816
1561	29533.84355
1562	29576.2707
1563	29617.27441
1564	29657.61152
1565	29697.04492
1566	29736.53203
1567	29776.02734
1568	29814.8707
1569	29852.94609
1570	29890.22246
1571	29926.0707
1572	29962.23711
1573	29998.95137
1574	30036.0834
1575	30073.96738
1576	30111.05371
1577	30146.96016
1578	30182.42559
1579	30217.36074
1580	30251.52422
1581	30284.93438
1582	30317.92598
1583	30350.66699
1584	30383.24531
1585	30415.4418
1586	30448.50273
1587	30482.42305
1588	30515.80859
1589	30548.70527
1590	30581.62207
1591	30614.83223
1592	30647.37207
1593	30679.05215
1594	30710.77617
1595	30742.61777
1596	30773.73613
1597	30804.47754
1598	30834.26699
1599	30863.5541
1600	30892.29258
1601	30920.62812
1602	30949.27422
1603	30978.07305
1604	31006.9752
1605	31035.90918
1606	31064.56914
1607	31093.20957
1608	31121.20488
1609	31148.86738
1610	31176.92871
1611	31205.13086
1612	31232.06133
1613	31258.60215
1614	31284.10859
1615	31309.49434
1616	31334.62402
1617	31359.58633
1618	31385.30977
1619	31411.11484
1620	31435.24688
1621	31459.26387
1622	31483.2709
1623	31507.25
1624	31531.62207
1625	31556.0207
1626	31579.73281
1627	31603.25078
1628	31624.77383
1629	31646.05215
1630	31664.54727
1631	31682.96836
1632	31701.77246
1633	31720.41758
1634	31737.36113
1635	31754.27422
1636	31770.85684
1637	31787.06738
1638	31801.42109
1639	31815.65176
1640	31829.04355
1641	31841.9877
1642	31853.32559
1643	31864.0582
1644	31872.62656
1645	31880.78828
1646	31887.93555
1647	31895.29375
1648	31903.13047
1649	31910.63711
1650	31917.4834
1651	31923.77363
1652	31929.06855
1653	31933.48691
1654	31936.59258
1655	31938.50742
1656	31939.04219
1657	31936.07051
1658	31929.26465
1659	31919.18418
1660	31906.15586
1661	31889.06484
1662	31868.84199
1663	31847.83203
1664	31826.24941
1665	31803.98867
1666	31781.43086
1667	31760.58848
1668	31740.57676
1669	31726.46523
1670	31714.67031
1671	31710.50859
1672	31708.6707
1673	31712.12227
1674	31716.82422
1675	31725.36699
1676	31734.59473
1677	31746.12812
1678	31757.88848
1679	31768.72637
1680	31779.49824
1681	31784.65977
1682	31789.51328
1683	31787.69551
1684	31785.52422
1685	31778.84082
1686	31772.09375
1687	31765.10254
1688	31757.93828
1689	31749.92031
1690	31742.39551
1691	31736.62949
1692	31731.70859
1693	31729.09375
1694	31726.52852
1695	31724.11953
1696	31720.64434
1697	31715.30957
1698	31709.88125
1699	31704.3123
1700	31699.27109
1701	31694.83047
1702	31690.66973
1703	31686.7668
1704	31684.04063
1705	31682.19102
1706	31680.59922
1707	31679.16055
1708	31677.65059
1709	31676.10879
1710	31672.52324
1711	31668.20371
1712	31663.7248
1713	31659.19863
1714	31651.12441
1715	31642.40313
1716	31630.05352
1717	31617.33848
1718	31603.27734
1719	31589.06172
1720	31573.1207
1721	31557.26035
1722	31542.29258
1723	31526.91816
1724	31508.90508
1725	31491.22578
1726	31474.98438
1727	31458.61465
1728	31441.80176
1729	31425.29883
1730	31409.48594
1731	31392.63906
1732	31374.08555
1733	31355.94297
1734	31338.33789
1735	31320.73965
1736	31303.07813
1737	31286.79512
1738	31271.68281
1739	31258.58574
1740	31246.57031
1741	31233.69531
1742	31220.46094
1743	31209.37812
1744	31199.03437
1745	31190.15176
1746	31181.5127
1747	31170.03633
1748	31158.2375
1749	31146.20352
1750	31134.06191
1751	31121.26895
1752	31108.68047
1753	31097.20645
1754	31085.16445
1755	31070.49922
1756	31055.43125
1757	31039.025
1758	31022.02383
1759	31003.84844
1760	30985.39941
1761	30966.33633
1762	30944.87695
1763	30920.59258
1764	30895.73828
1765	30870.45879
1766	30845.97891
1767	30821.96348
1768	30797.67871
1769	30773.23887
1770	30747.49219
1771	30721.40684
1772	30698.11289
1773	30675.37188
1774	30654.61582
1775	30633.99648
1776	30610.68086
1777	30587.13359
1778	30562.1832
1779	30537.2791
1780	30512.42461
1781	30487.33301
1782	30461.40195
1783	30435.19492
1784	30408.23945
1785	30380.02598
1786	30349.8043
1787	30320.38516
1788	30291.97773
1789	30263.08105
1790	30233.67305
1791	30203.00684
1792	30171.57988
1793	30136.18574
1794	30099.08652
1795	30060.31289
1796	30021.11328
1797	29980.27832
1798	29939.10605
1799	29891.80684
1800	29844.12246
1801	29796.25723
1802	29748.82188
1803	29703.97344
1804	29658.13145
1805	29608.2207
1806	29557.94648
1807	29507.05078
1808	29455.98809
1809	29404.73535
1810	29352.3627
1811	29298.65684
1812	29238.75684
1813	29173.95625
1814	29102.42461
1815	29027.36016
1816	28951.63418
1817	28875.99648
1818	28800.32227
1819	28724.3127
1820	28641.00352
1821	28557.57949
1822	28485.8168
1823	28414.79961
1824	28347.99824
1825	28281.15449
1826	28214.40937
1827	28146.50039
1828	28075.71172
1829	28001.75781
1830	27923.01035
1831	19428.68926
1832	19520.56602
1833	19613.90313
1834	19709.91934
1835	19807.2959
1836	19913.55469
1837	20019.81348
1838	20129.90449
1839	20240.60059
1840	20365.84238
1841	20498.83809
1842	20632.88672
1843	20768.50508
1844	20903.95781
1845	21037.60176
1846	21171.28145
1847	21306.34375
1848	21441.56172
1849	21575.29297
1850	21708.50371
1851	21838.22266
1852	21963.83203
1853	22090.80391
1854	22222.35273
1855	22353.75566
1856	22482.87129
1857	22611.74121
1858	22728.84473
1859	22842.19316
1860	22942.22734
1861	23030.49062
1862	23110.55801
1863	23172.78848
1864	23231.96289
1865	23273.80195
1866	23314.72559
1867	23357.48066
1868	23401.22168
1869	23464.69316
1870	23540.13828
1871	23634.59336
1872	23757.83203
1873	23887.9498
1874	24047.41406
1875	24210.04258
1876	24396.59258
1877	24587.00195
1878	24778.46289
1879	24968.76133
1880	25145.86465
1881	25308.41309
1882	25460.2918
1883	25586.56484
1884	25709.62246
1885	25816.9998
1886	25921.52832
1887	26007.53145
1888	26088.4168
1889	26157.63965
1890	26219.93906
1891	26278.84512
1892	26332.84805
1893	26384.81777
1894	26428.06445
1895	26467.38477
1896	26489.12109
1897	26507.88828
1898	26532.31836
1899	26558.99785
1900	26593.82559
1901	26636.4998
1902	26682.74414
1903	26737.67695
1904	26797.31641
1905	26873.12676
1906	26953.96758
1907	27052.63477
1908	27155.73262
1909	27250.43789
1910	27341.8793
1911	27428.47773
1912	27508.73594
1913	27589.42695
1914	27671.60938
1915	27753.1123
1916	27830.7125
1917	27906.65098
1918	27979.16543
1919	28051.26895
1920	28135.02383
1921	28226.54922
1922	28324.99434
1923	28429.32969
1924	28532.65469
1925	28633.84629
1926	28733.53887
1927	28829.23301
1928	28923.92324
1929	29017.88125
1930	29111.42031
1931	29198.74941
1932	29281.02129
1933	29359.75156
1934	29434.2627
1935	29507.69707
1936	29579.59355
1937	29651.99473
1938	29726.95527
1939	29802.85137
1940	29878.75742
1941	29954.48867
1942	30029.29824
1943	30102.35762
1944	30172.4834
1945	30240.15059
1946	30308.07988
1947	30376.08887
1948	30443.96777
1949	30511.01641
1950	30577.06289
1951	30639.8707
1952	30700.63105
1953	30758.11562
1954	30814.90059
1955	30871.73359
1956	30928.56426
1957	30984.29688
1958	31037.45117
1959	31089.70508
1960	31140.77402
1961	31190.44707
1962	31236.08047
1963	31279.26602
1964	31319.5334
1965	31357.31602
1966	31391.6168
1967	31424.15508
1968	31456.52773
1969	31487.2084
1970	31516.13281
1971	31543.04102
1972	31569.54141
1973	31595.68613
1974	31620.96191
1975	31644.32363
1976	31667.4627
1977	31690.86328
1978	31714.12344
1979	31737.44473
1980	31759.93027
1981	31782.13867
1982	31804.43047
1983	31826.27246
1984	31846.88926
1985	31866.42891
1986	31883.88457
1987	31899.42793
1988	31911.96934
1989	31921.5375
1990	31930.32773
1991	31940.15488
1992	31948.90703
1993	31956.04219
1994	31962.19395
1995	31967.4457
1996	31972.6127
1997	31978.2666
1998	31984.82051
1999	31993.59434
2000	32003.20332
2001	32010.33633
2002	32015.78535
2003	32021.44297
2004	32026.68809
2005	32033.18379
2006	32041.83262
2007	32049.41563
2008	32054.04668
2009	32057.15469
2010	32059.61875
2011	32061.4002
2012	32062.56426
2013	32063.4666
2014	32065.28594
2015	32068.48926
2016	32071.18066
2017	32073.64941
2018	32077.0584
2019	32081.34805
2020	32085.75312
2021	32089.24551
2022	32091.83418
2023	32094.42051
2024	32097.33535
2025	32100.03652
2026	32102.60078
2027	32103.12676
2028	32101.30215
2029	32097.89219
2030	32092.92559
2031	32088.09668
2032	32083.35801
2033	32077.14805
2034	32068.28555
2035	32057.8541
2036	32047.53145
2037	32037.09746
2038	32024.93887
2039	32010.61562
2040	31995.52012
2041	31982.20605
2042	31971.47207
2043	31962.54414
2044	31953.89863
2045	31945.56465
2046	31937.1707
2047	31928.38809
2048	31919.53555
2049	31910.81113
2050	31902.0291
2051	31893.04316
2052	31882.65801
2053	31869.75977
2054	31855.31836
2055	31841.99688
2056	31829.81445
2057	31818.02109
2058	31806.41152
2059	31794.08574
2060	31780.81836
2061	31767.64063
2062	31755.30762
2063	31743.01895
2064	31729.62207
2065	31715.15332
2066	31700.01582
2067	31683.66992
2068	31666.43164
2069	31647.66621
2070	31627.58516
2071	31607.03945
2072	31585.42363
2073	31561.83965
2074	31536.46504
2075	31510.57441
2076	31484.59512
2077	31458.95254
2078	31434.78301
2079	31412.21016
2080	31390.07695
2081	31367.37812
2082	31343.96289
2083	31320.31133
2084	31298.02129
2085	31276.60488
2086	31254.78906
2087	31232.4166
2088	31210.0127
2089	31187.78281
2090	31165.39609
2091	31143.35234
2092	31122.17129
2093	31100.61055
2094	31076.6623
2095	31050.06113
2096	31023.21484
2097	30995.85352
2098	30966.45547
2099	30935.68867
2100	30902.43105
2101	30867.21797
2102	30831.44258
2103	30795.87207
2104	30763.51973
2105	30734.96055
2106	30708.52793
2107	30681.89297
2108	30654.0834
2109	30625.16777
2110	30596.10234
2111	30567.6248
2112	30539.26543
2113	30511.40098
2114	30483.13242
2115	30451.20527
2116	30416.34414
2117	30380.82188
2118	30345.69219
2119	30311.16504
2120	30277.3748
2121	30243.85801
2122	30209.77695
2123	30174.80742
2124	30139.40586
2125	30104.03437
2126	30068.67852
2127	30032.19453
2128	29994.69375
2129	29955.65293
2130	29914.68008
2131	29872.81133
2132	29830.83496
2133	29789.87129
2134	29749.74648
2135	29709.5625
2136	29668.54941
2137	29626.86738
2138	29585.58027
2139	29545.4666
2140	29506.82285
2141	29468.77754
2142	29430.18789
2143	29390.60918
2144	29350.5875
2145	29310.78418
2146	29270.82031
2147	29232.40547
2148	29196.74453
2149	29160.23574
2150	29121.54258
2151	29080.94492
2152	29039.47324
2153	28996.47051
2154	28951.31484
2155	28905.4625
2156	28860.45059
2157	28814.43027
2158	28765.97676
2159	28716.05566
2160	28666.42207
2161	28616.57559
2162	28565.40488
2163	28513.90645
2164	28464.05566
2165	28414.40176
2166	28363.93516
2167	28313.13516
2168	28262.27207
2169	28210.24902
2170	28155.51758
2171	28099.08926
2172	28040.7418
2173	27980.11543
2174	27916.25039
2175	27850.13203
2176	27783.90469
2177	27718.34004
2178	27652.18633
2179	27584.82715
2180	27515.36797
2181	27443.12891
2182	27368.29824
2183	27291.25469
2184	27211.8543
2185	27131.77441
2186	27049.57559
2187	26962.61855
2188	26870.52578
2189	26773.76836
2190	26676.07129
2191	26577.07227
2192	26476.56934
2193	26375.35117
2194	26274.18027
2195	26173.6084
2196	26072.7832
2197	25971.06172
2198	25869.00469
2199	25766.2168
2200	25662.65371
2201	25560.65469
2202	25461.32305
2203	25363.97676
2204	25268.14629
2205	25174.91699
2206	25084.45391
2207	24997.14277
2208	24912.53262
2209	24829.80645
2210	24748.56387
2211	24668.26621
2212	24588.64434
2213	24509.6418
2214	24432.38555
2215	24356.61914
2216	24280.67461
2217	24204.47187
2218	24129.52832
2219	24056.43262
2220	23984.72324
2221	23913.35039
2222	23841.17324
2223	23768.00586
2224	23693.4957
2225	23617.23789
2226	23540.28496
2227	23463.29824
2228	23385.55898
2229	23305.58457
2230	23222.72793
2231	23138.71523
2232	23053.51328
2233	22967.55254
2234	22882.8502
2235	22798.87852
2236	22714.86523
2237	22630.12285
2238	22543.33809
2239	22455.70898
2240	22368.93457
2241	22282.01465
2242	22194.17812
2243	22106.97187
2244	22020.60078
2245	21933.38691
2246	21845.16914
2247	21756.15371
2248	21666.07363
2249	21576.46875
2250	21487.26582
2251	21398.93613
2252	21312.65039
2253	21225.75664
2254	21135.81445
2255	21042.15664
2256	20949.26387
2257	20858.89785
2258	20766.28359
2259	20671.61719
2260	20576.54941
2261	20480.32617
2262	20383.93711
2263	20287.40859
2264	20191.00762
2265	20095.58945
2266	19999.86914
2267	19903.79375
2268	19809.03281
2269	19714.94023
2270	19619.3502
2271	19521.53984
2272	19422.84961
2273	19324.70527
2274	19226.20195
2275	19125.43223
2276	19023.78652
2277	18920.12207
2278	18813.40137
2279	18706.21465
2280	18599.00762
2281	18490.92891
2282	18383.01113
2283	18272.32656
2284	18160.40879
2285	18049.5748
2286	17937.82988
2287	17826.05527
2288	17713.87246
2289	17600.79668
2290	17487.28203
2291	17373.17695
2292	17259.96191
2293	17148.50996
2294	17038.01621
2295	16926.67305
2296	16813.51563
2297	16700.58672
2298	16589.81211
2299	16479.18418
2300	16367.06514
2301	16254.59258
2302	16141.19639
2303	16026.379
2304	15910.01973
2305	15792.85371
2306	15676.4792
2307	15560.34834
2308	15442.53252
2309	15324.48828
2310	15207.18574
2311	15090.3707
2312	14974.92275
2313	14859.66738
2314	14744.33135
2315	14628.59668
2316	14510.71563
2317	14392.46338
2318	14276.59229
2319	14163.48037
2320	14050.36104
2321	13936.39277
2322	13823.53398
2323	13711.93037
2324	13599.01934
2325	13485.72031
2326	13373.54775
2327	13262.60742
2328	13152.16221
2329	13040.36211
2330	12927.26338
2331	12814.09326
2332	12700.76934
2333	12587.36094
2334	12475.404
2335	12366.01865
2336	12256.63174
2337	12145.15996
2338	12033.2417
2339	11923.45352
2340	11814.4499
2341	11705.84971
2342	11598.47148
2343	11493.1582
2344	11388.01445
2345	11281.78467
2346	11174.96855
2347	11069.28955
2348	10964.79775
2349	10860.98066
2350	10758.11357
2351	10656.14502
2352	10553.72803
2353	10450.2832
2354	10345.84814
2355	10242.41309
2356	10140.24189
2357	10037.3832
2358	9935.374805
2359	9834.521582
2360	9733.699023
2361	9633.374121
2362	9532.955176
2363	9432.674805
2364	9334.693848
2365	9237.55293
2366	9142.178223
2367	9047.608789
2368	8951.604883
2369	8855.032227
2370	8758.493945
2371	8662.361133
2372	8568.20918
2373	8473.778711
2374	8378.673047
2375	8284.484082
2376	8190.995166
2377	8097.354883
2378	8004.355371
2379	7911.95791
2380	7821.372656
2381	7731.187207
2382	7641.421338
2383	7552.603467
2384	7465.833496
2385	7379.514258
2386	7294.343945
2387	7209.356689
2388	7124.354053
2389	7039.541455
2390	6954.261475
2391	6869.308691
2392	6786.775977
2393	6704.854102
2394	6623.14707
2395	6540.960742
2396	6460.062988
2397	6379.828027
2398	6298.48291
2399	6217.620557
2400	6139.409863
2401	6061.823975
2402	5986.423437
2403	5911.695605
2404	5837.125439
2405	5762.766895
2406	5687.734326
2407	5612.75874
2408	5540.53418
2409	5469.481982
2410	5398.438574
2411	5328.303467
2412	5260.646875
2413	5194.216797
2414	5127.441455
2415	5060.494238
2416	4995.72041
2417	4932.830029
2418	4868.959717
2419	4804.093115
2420	4741.227881
2421	4680.620264
2422	4620.133154
2423	4560.596045
2424	4502.161719
2425	4443.640088
2426	4385.567236
2427	4328.562402
2428	4271.957812
2429	4216.744336
2430	4162.120166
2431	4108.275342
2432	4055.279004
2433	4003.572559
2434	3952.150488
2435	3900.921582
2436	3850.308887
2437	3801.246777
2438	3752.269019
2439	3703.288916
2440	3655.043945
2441	3608.654785
2442	3562.41311
2443	3516.479883
2444	3470.473901
2445	3424.027441
2446	3377.199023
2447	3330.141479
2448	3284.083081
2449	3240.913403
2450	3197.716992
2451	3153.984473
2452	3110.428076
2453	3066.604395
2454	3022.256519
2455	2977.673633
2456	2933.748608
2457	2891.564819
2458	2849.215356
2459	2804.300342
2460	2759.152808
2461	2714.120752
2462	2668.4198
2463	2621.979199
2464	2575.784009
2465	2528.964575
2466	2482.112476
2467	2434.846265
2468	2387.372485
2469	2339.684985
2470	2291.809375
2471	2242.919458
2472	2193.928711
2473	2144.787354
2474	2095.746924
2475	2046.617212
2476	1997.327258
2477	1948.123022
2478	1899.156763
2479	1851.085461
2480	1803.107959
2481	1755.895898
2482	1708.992224
2483	1663.14187
2484	1617.463879
2485	1572.074683
2486	1526.616602
2487	1482.992383
2488	1440.244141
2489	1399.531018
2490	1358.818604
2491	1318.292371
2492	1277.991492
2493	1240.159875
2494	1202.859241
2495	1167.043347
2496	1131.452881
2497	1097.581787
2498	1064.262134
2499	1032.032556
2500	999.8303833
