Wavelength(nm),raw_data
    350.0000000,        9.5104894638061523
    351.0000000,        8.1118879318237305
    352.0000000,        9.9300699234008789
    353.0000000,       11.0000000000000000
    354.0000000,       11.0000000000000000
    355.0000000,       11.0000000000000000
    356.0000000,       11.0000000000000000
    357.0000000,       11.2657346725463870
    358.0000000,       12.6643352508544920
    359.0000000,       12.4685316085815430
    360.0000000,       12.0000000000000000
    361.0000000,       12.0000000000000000
    362.0000000,       13.2587413787841800
    363.0000000,       13.6713285446166990
    364.0000000,       13.0000000000000000
    365.0000000,       13.0000000000000000
    366.0000000,       14.6944446563720700
    367.0000000,       17.0000000000000000
    368.0000000,       17.0000000000000000
    369.0000000,       17.5174827575683590
    370.0000000,       18.6503505706787110
    371.0000000,       20.7482509613037110
    372.0000000,       19.7692298889160160
    373.0000000,       19.3146858215332030
    374.0000000,       20.0139865875244140
    375.0000000,       20.7132873535156250
    376.0000000,       20.1748256683349610
    377.0000000,       19.4475517272949220
    378.0000000,       22.2447547912597660
    379.0000000,       22.4930553436279300
    380.0000000,       22.4055938720703130
    381.0000000,       23.8041954040527340
    382.0000000,       24.0000000000000000
    383.0000000,       25.2027969360351560
    384.0000000,       28.0000000000000000
    385.0000000,       28.0000000000000000
    386.0000000,       29.1958045959472660
    387.0000000,       31.0979022979736330
    388.0000000,       31.7972030639648440
    389.0000000,       32.9930076599121090
    390.0000000,       34.5874137878417970
    391.0000000,       36.6853141784667970
    392.0000000,       37.5902786254882810
    393.0000000,       39.1468544006347660
    394.0000000,       41.9440574645996090
    395.0000000,       42.6853141784667970
    396.0000000,       43.7692298889160160
    397.0000000,       45.4195785522460940
    398.0000000,       48.9160842895507810
    399.0000000,       50.4825172424316410
    400.0000000,       51.9090919494628910
    401.0000000,       55.4055938720703130
    402.0000000,       58.3216781616210940
    403.0000000,       61.1188812255859380
    404.0000000,       63.9160842895507810
    405.0000000,       65.3472213745117190
    406.0000000,       67.4825210571289060
    407.0000000,       70.4195785522460940
    408.0000000,       74.6153869628906250
    409.0000000,       77.4055938720703130
    410.0000000,       79.6713256835937500
    411.0000000,       82.4685287475585940
    412.0000000,       88.0979003906250000
    413.0000000,       92.7972030639648440
    414.0000000,       94.8951034545898440
    415.0000000,       98.9860153198242190
    416.0000000,      102.8181838989257800
    417.0000000,      106.1888122558593700
    418.0000000,      108.2867126464843700
    419.0000000,      112.2083358764648400
    420.0000000,      116.4615402221679700
    421.0000000,      118.5594406127929700
    422.0000000,      121.2097930908203100
    423.0000000,      124.7622375488281200
    424.0000000,      129.6573486328125000
    425.0000000,      132.6013946533203100
    426.0000000,      135.0489501953125000
    427.0000000,      137.2447509765625000
    428.0000000,      140.7412567138671900
    429.0000000,      144.2377624511718700
    430.0000000,      147.4405670166015600
    431.0000000,      149.5384674072265600
    432.0000000,      150.5416717529296900
    433.0000000,      152.4265747070312500
    434.0000000,      156.6223754882812500
    435.0000000,      158.9090881347656200
    436.0000000,      160.6713256835937500
    437.0000000,      162.2097930908203100
    438.0000000,      166.4055938720703100
    439.0000000,      168.8671264648437500
    440.0000000,      170.5314636230468800
    441.0000000,      173.3286743164062500
    442.0000000,      174.5314636230468700
    443.0000000,      175.2307739257812500
    444.0000000,      175.9300689697265600
    445.0000000,      180.3750000000000000
    446.0000000,      183.0000000000000000
    447.0000000,      183.0629425048828100
    448.0000000,      185.1608428955078100
    449.0000000,      187.2587432861328100
    450.0000000,      189.2377624511718700
    451.0000000,      190.6363677978515600
    452.0000000,      192.5524444580078100
    453.0000000,      195.0839233398437500
    454.0000000,      198.5804138183593700
    455.0000000,      200.2307739257812500
    456.0000000,      201.3146820068359400
    457.0000000,      202.0416717529296900
    458.0000000,      204.1250000000000000
    459.0000000,      207.0279693603515600
    460.0000000,      210.4195861816406200
    461.0000000,      213.2167816162109400
    462.0000000,      215.5104827880859400
    463.0000000,      217.8111877441406200
    464.0000000,      220.6083984375000000
    465.0000000,      222.8041992187500000
    466.0000000,      224.9020996093750000
    467.0000000,      227.0000000000000000
    468.0000000,      232.5944061279296900
    469.0000000,      235.7971954345703100
    470.0000000,      237.7777709960937500
    471.0000000,      243.3333282470703100
    472.0000000,      246.9580383300781200
    473.0000000,      250.3216857910156200
    474.0000000,      255.2167816162109400
    475.0000000,      260.6993103027343700
    476.0000000,      266.0069885253906200
    477.0000000,      270.9020996093750000
    478.0000000,      275.7972106933593800
    479.0000000,      280.3076782226562500
    480.0000000,      284.5035095214843700
    481.0000000,      288.6993103027343700
    482.0000000,      294.8251647949218700
    483.0000000,      301.4444580078125000
    484.0000000,      307.0000000000000000
    485.0000000,      314.3076782226562500
    486.0000000,      320.6363525390625000
    487.0000000,      324.8321533203125000
    488.0000000,      329.6993103027343700
    489.0000000,      336.0769348144531200
    490.0000000,      343.6293640136718700
    491.0000000,      349.9230651855468700
    492.0000000,      357.6223754882812500
    493.0000000,      365.8461608886718700
    494.0000000,      373.5384521484375000
    495.0000000,      379.5314636230468800
    496.0000000,      386.1666564941406200
    497.0000000,      394.5000000000000000
    498.0000000,      403.5454406738281200
    499.0000000,      412.6363525390625000
    500.0000000,      421.7272644042968800
    501.0000000,      430.8181762695312500
    502.0000000,      439.0000000000000000
    503.0000000,      446.8461608886718700
    504.0000000,      455.2377624511718700
    505.0000000,      464.1818237304687500
    506.0000000,      473.5244750976562500
    507.0000000,      483.3146972656250000
    508.0000000,      491.8041992187500000
    509.0000000,      501.2083435058593700
    510.0000000,      511.5454406738281200
    511.0000000,      520.6363525390625000
    512.0000000,      531.0489501953125000
    513.0000000,      541.5384521484375000
    514.0000000,      549.2307739257812500
    515.0000000,      559.6153564453125000
    516.0000000,      569.8531494140625000
    517.0000000,      578.2447509765625000
    518.0000000,      589.8181762695312500
    519.0000000,      601.0349731445312500
    520.0000000,      611.4895019531250000
    521.0000000,      621.2797241210937500
    522.0000000,      631.4583129882812500
    523.0000000,      641.6363525390625000
    524.0000000,      650.7272949218750000
    525.0000000,      661.9160766601562500
    526.0000000,      673.3566284179687500
    527.0000000,      683.8461303710937500
    528.0000000,      693.7132568359375000
    529.0000000,      704.1468505859375000
    530.0000000,      715.2937011718750000
    531.0000000,      725.0839233398437500
    532.0000000,      735.2937011718750000
    533.0000000,      745.6643066406250000
    534.0000000,      755.4545288085937500
    535.0000000,      765.1944580078125000
    536.0000000,      774.9370727539062500
    537.0000000,      784.7272949218750000
    538.0000000,      791.4755249023437500
    539.0000000,      800.2307739257812500
    540.0000000,      812.0559692382812500
    541.0000000,      817.6503295898437500
    542.0000000,      824.8671264648437500
    543.0000000,      833.4685058593750000
    544.0000000,      843.2587280273437500
    545.0000000,      851.0349731445312500
    546.0000000,      858.8391723632812500
    547.0000000,      868.6293945312500000
    548.0000000,      873.5833129882812500
    549.0000000,      878.3496704101562500
    550.0000000,      883.9440307617187500
    551.0000000,      891.6153564453125000
    552.0000000,      898.1328735351562500
    553.0000000,      903.8181762695312500
    554.0000000,      910.1118774414062500
    555.0000000,      914.9370727539062500
    556.0000000,      919.3216552734375000
    557.0000000,      924.2167968750000000
    558.0000000,      927.9370727539062500
    559.0000000,      933.1538696289062500
    560.0000000,      940.8461303710937500
    561.0000000,      947.8531494140625000
    562.0000000,      952.9097290039062500
    563.0000000,      956.4615478515625000
    564.0000000,      960.6573486328125000
    565.0000000,      963.9020996093750000
    566.0000000,      966.8741455078125000
    567.0000000,      970.3706054687500000
    568.0000000,      972.7202758789062500
    569.0000000,      974.5454711914062500
    570.0000000,      975.9440307617187500
    571.0000000,      978.0139770507812500
    572.0000000,      979.3706054687500000
    573.0000000,      980.2797241210937500
    574.0000000,      983.0769042968750000
    575.0000000,      983.0694580078125000
    576.0000000,      982.3216552734375000
    577.0000000,      983.7202758789062500
    578.0000000,      981.7622680664062500
    579.0000000,      981.2937011718750000
    580.0000000,      984.7902221679687500
    581.0000000,      985.0000000000000000
    582.0000000,      985.3566284179687500
    583.0000000,      985.9440307617187500
    584.0000000,      985.2447509765625000
    585.0000000,      984.5454711914062500
    586.0000000,      984.6153564453125000
    587.0000000,      987.4125976562500000
    588.0000000,      987.4514160156250000
    589.0000000,      987.7342529296875000
    590.0000000,      989.8321533203125000
    591.0000000,      990.0000000000000000
    592.0000000,      990.3426513671875000
    593.0000000,      991.0419311523437500
    594.0000000,      991.7412719726562500
    595.0000000,      993.3216552734375000
    596.0000000,      995.5594482421875000
    597.0000000,      998.3566284179687500
    598.0000000,     1000.0769042968750000
    599.0000000,     1001.4755249023437000
    600.0000000,     1002.8741455078125000
    601.0000000,     1003.6319580078125000
    602.0000000,     1005.3146972656250000
    603.0000000,     1008.0839233398437000
    604.0000000,     1010.1818237304687000
    605.0000000,     1011.8531494140625000
    606.0000000,     1013.8811035156250000
    607.0000000,     1018.7762451171875000
    608.0000000,     1021.0489501953125000
    609.0000000,     1024.0140380859375000
    610.0000000,     1030.3077392578125000
    611.0000000,     1034.1119384765625000
    612.0000000,     1037.2867431640625000
    613.0000000,     1040.0000000000000000
    614.0000000,     1040.0000000000000000
    615.0000000,     1043.3006591796875000
    616.0000000,     1048.2237548828125000
    617.0000000,     1049.6224365234375000
    618.0000000,     1050.0000000000000000
    619.0000000,     1049.5804443359375000
    620.0000000,     1048.1817626953125000
    621.0000000,     1045.5664062500000000
    622.0000000,     1043.0769042968750000
    623.0000000,     1041.0000000000000000
    624.0000000,     1041.0000000000000000
    625.0000000,     1037.7552490234375000
    626.0000000,     1033.1041259765625000
    627.0000000,     1033.7985839843750000
    628.0000000,     1029.0349121093750000
    629.0000000,     1023.8041992187500000
    630.0000000,     1023.1049194335937000
    631.0000000,     1020.6223754882812000
    632.0000000,     1017.5314941406250000
    633.0000000,     1014.0349731445312000
    634.0000000,     1009.1538696289062000
    635.0000000,     1007.0000000000000000
    636.0000000,     1007.0908813476562000
    637.0000000,     1007.7902221679687000
    638.0000000,     1009.4685058593750000
    639.0000000,     1012.5000000000000000
    640.0000000,     1018.0555419921875000
    641.0000000,     1025.3846435546875000
    642.0000000,     1032.2377929687500000
    643.0000000,     1037.8321533203125000
    644.0000000,     1046.1398925781250000
    645.0000000,     1053.0209960937500000
    646.0000000,     1058.8461914062500000
    647.0000000,     1066.5384521484375000
    648.0000000,     1074.7062988281250000
    649.0000000,     1083.4475097656250000
    650.0000000,     1093.2377929687500000
    651.0000000,     1105.3216552734375000
    652.0000000,     1117.3333740234375000
    653.0000000,     1128.4444580078125000
    654.0000000,     1142.2867431640625000
    655.0000000,     1157.0000000000000000
    656.0000000,     1172.3846435546875000
    657.0000000,     1187.7692871093750000
    658.0000000,     1203.6153564453125000
    659.0000000,     1221.1468505859375000
    660.0000000,     1243.5245361328125000
    661.0000000,     1263.1048583984375000
    662.0000000,     1281.7272949218750000
    663.0000000,     1299.9090576171875000
    664.0000000,     1322.6922607421875000
    665.0000000,     1341.7916259765625000
    666.0000000,     1357.3216552734375000
    667.0000000,     1376.2027587890625000
    668.0000000,     1393.2937011718750000
    669.0000000,     1408.6433105468750000
    670.0000000,     1421.2307128906250000
    671.0000000,     1432.7272949218750000
    672.0000000,     1444.1608886718750000
    673.0000000,     1456.0489501953125000
    674.0000000,     1467.9370117187500000
    675.0000000,     1478.7972412109375000
    676.0000000,     1488.4615478515625000
    677.0000000,     1496.1538085937500000
    678.0000000,     1504.6875000000000000
    679.0000000,     1513.4615478515625000
    680.0000000,     1521.1538085937500000
    681.0000000,     1530.4405517578125000
    682.0000000,     1540.4615478515625000
    683.0000000,     1550.9510498046875000
    684.0000000,     1560.8111572265625000
    685.0000000,     1568.9580078125000000
    686.0000000,     1575.4754638671875000
    687.0000000,     1587.3636474609375000
    688.0000000,     1597.9720458984375000
    689.0000000,     1608.1398925781250000
    690.0000000,     1620.0279541015625000
    691.0000000,     1631.3333740234375000
    692.0000000,     1642.0349121093750000
    693.0000000,     1651.8251953125000000
    694.0000000,     1662.8461914062500000
    695.0000000,     1673.0909423828125000
    696.0000000,     1682.2517089843750000
    697.0000000,     1694.8391113281250000
    698.0000000,     1705.3636474609375000
    699.0000000,     1714.7901611328125000
    700.0000000,     1725.9790039062500000
    701.0000000,     1736.1468505859375000
    702.0000000,     1745.5174560546875000
    703.0000000,     1753.9090576171875000
    704.0000000,     1764.1258544921875000
    705.0000000,     1773.0555419921875000
    706.0000000,     1780.0000000000000000
    707.0000000,     1786.9930419921875000
    708.0000000,     1794.3846435546875000
    709.0000000,     1801.7832031250000000
    710.0000000,     1807.3775634765625000
    711.0000000,     1812.9720458984375000
    712.0000000,     1818.5664062500000000
    713.0000000,     1824.1608886718750000
    714.0000000,     1829.1608886718750000
    715.0000000,     1833.1748046875000000
    716.0000000,     1835.9720458984375000
    717.0000000,     1840.8461914062500000
    718.0000000,     1845.7221679687500000
    719.0000000,     1850.6713867187500000
    720.0000000,     1856.2657470703125000
    721.0000000,     1858.9650878906250000
    722.0000000,     1860.7272949218750000
    723.0000000,     1863.5245361328125000
    724.0000000,     1864.5804443359375000
    725.0000000,     1865.8391113281250000
    726.0000000,     1867.9370117187500000
    727.0000000,     1872.7482910156250000
    728.0000000,     1874.6224365234375000
    729.0000000,     1874.2307128906250000
    730.0000000,     1876.3286132812500000
    731.0000000,     1877.4721679687500000
    732.0000000,     1877.8321533203125000
    733.0000000,     1877.1328125000000000
    734.0000000,     1877.0000000000000000
    735.0000000,     1876.4685058593750000
    736.0000000,     1875.0699462890625000
    737.0000000,     1875.6643066406250000
    738.0000000,     1877.0909423828125000
    739.0000000,     1879.0000000000000000
    740.0000000,     1879.0000000000000000
    741.0000000,     1880.8461914062500000
    742.0000000,     1883.1608886718750000
    743.0000000,     1883.8601074218750000
    744.0000000,     1884.5555419921875000
    745.0000000,     1884.4964599609375000
    746.0000000,     1883.0979003906250000
    747.0000000,     1883.0000000000000000
    748.0000000,     1881.9510498046875000
    749.0000000,     1880.3426513671875000
    750.0000000,     1885.2377929687500000
    751.0000000,     1884.7622070312500000
    752.0000000,     1881.7062988281250000
    753.0000000,     1880.3077392578125000
    754.0000000,     1881.0909423828125000
    755.0000000,     1879.7972412109375000
    756.0000000,     1873.5035400390625000
    757.0000000,     1865.9721679687500000
    758.0000000,     1859.6503906250000000
    759.0000000,     1854.9300537109375000
    760.0000000,     1853.5314941406250000
    761.0000000,     1850.3985595703125000
    762.0000000,     1846.8671875000000000
    763.0000000,     1846.1678466796875000
    764.0000000,     1846.0000000000000000
    765.0000000,     1844.3846435546875000
    766.0000000,     1839.4895019531250000
    767.0000000,     1834.5943603515625000
    768.0000000,     1830.3566894531250000
    769.0000000,     1826.8055419921875000
    770.0000000,     1821.9444580078125000
    771.0000000,     1817.4825439453125000
    772.0000000,     1813.1678466796875000
    773.0000000,     1808.2727050781250000
    774.0000000,     1802.3426513671875000
    775.0000000,     1795.8321533203125000
    776.0000000,     1788.8391113281250000
    777.0000000,     1783.6922607421875000
    778.0000000,     1778.7972412109375000
    779.0000000,     1773.8880615234375000
    780.0000000,     1768.2937011718750000
    781.0000000,     1763.1119384765625000
    782.0000000,     1758.0000000000000000
    783.0000000,     1751.7500000000000000
    784.0000000,     1744.4615478515625000
    785.0000000,     1737.1748046875000000
    786.0000000,     1730.8811035156250000
    787.0000000,     1723.9859619140625000
    788.0000000,     1716.0909423828125000
    789.0000000,     1707.0000000000000000
    790.0000000,     1702.1048583984375000
    791.0000000,     1696.4125976562500000
    792.0000000,     1689.9230957031250000
    793.0000000,     1682.2307128906250000
    794.0000000,     1674.0419921875000000
    795.0000000,     1666.0555419921875000
    796.0000000,     1659.1110839843750000
    797.0000000,     1652.7132568359375000
    798.0000000,     1644.1258544921875000
    799.0000000,     1632.2377929687500000
    800.0000000,     1626.5174560546875000
    801.0000000,     1620.5384521484375000
    802.0000000,     1613.8251953125000000
    803.0000000,     1604.0349121093750000
    804.0000000,     1594.7272949218750000
    805.0000000,     1586.7272949218750000
    806.0000000,     1581.8321533203125000
    807.0000000,     1571.1328125000000000
    808.0000000,     1561.5000000000000000
    809.0000000,     1555.2500000000000000
    810.0000000,     1545.6014404296875000
    811.0000000,     1536.1817626953125000
    812.0000000,     1526.8811035156250000
    813.0000000,     1515.6922607421875000
    814.0000000,     1507.7832031250000000
    815.0000000,     1501.1538085937500000
    816.0000000,     1493.4615478515625000
    817.0000000,     1485.7692871093750000
    818.0000000,     1477.8111572265625000
    819.0000000,     1469.4195556640625000
    820.0000000,     1461.6922607421875000
    821.0000000,     1453.6666259765625000
    822.0000000,     1445.2167968750000000
    823.0000000,     1435.4265136718750000
    824.0000000,     1427.0000000000000000
    825.0000000,     1419.0000000000000000
    826.0000000,     1409.9090576171875000
    827.0000000,     1400.2657470703125000
    828.0000000,     1391.2307128906250000
    829.0000000,     1383.5384521484375000
    830.0000000,     1375.8461914062500000
    831.0000000,     1368.1538085937500000
    832.0000000,     1360.4615478515625000
    833.0000000,     1352.7692871093750000
    834.0000000,     1343.7778320312500000
    835.0000000,     1334.4615478515625000
    836.0000000,     1326.7692871093750000
    837.0000000,     1319.6153564453125000
    838.0000000,     1311.9090576171875000
    839.0000000,     1302.8182373046875000
    840.0000000,     1295.0000000000000000
    841.0000000,     1286.9720458984375000
    842.0000000,     1278.4754638671875000
    843.0000000,     1267.9859619140625000
    844.0000000,     1259.6643066406250000
    845.0000000,     1252.6713867187500000
    846.0000000,     1245.6783447265625000
    847.0000000,     1237.6224365234375000
    848.0000000,     1229.2500000000000000
    849.0000000,     1220.9166259765625000
    850.0000000,     1213.7762451171875000
    851.0000000,     1206.1398925781250000
    852.0000000,     1197.7692871093750000
    853.0000000,     1190.0769042968750000
    854.0000000,     1182.3846435546875000
    855.0000000,     1174.9300537109375000
    856.0000000,     1168.6363525390625000
    857.0000000,     1161.3077392578125000
    858.0000000,     1153.1817626953125000
    859.0000000,     1144.0909423828125000
    860.0000000,     1138.0769042968750000
    861.0000000,     1131.2500000000000000
    862.0000000,     1122.9161376953125000
    863.0000000,     1114.5245361328125000
    864.0000000,     1107.3496093750000000
    865.0000000,     1100.9510498046875000
    866.0000000,     1093.9580078125000000
    867.0000000,     1085.9580078125000000
    868.0000000,     1077.5664062500000000
    869.0000000,     1069.1748046875000000
    870.0000000,     1061.3846435546875000
    871.0000000,     1053.9930419921875000
    872.0000000,     1047.0000000000000000
    873.0000000,     1040.7062988281250000
    874.0000000,     1032.4583740234375000
    875.0000000,     1023.3636474609375000
    876.0000000,     1018.4685058593750000
    877.0000000,     1011.1258544921875000
    878.0000000,     1003.3007202148437000
    879.0000000,      997.0070190429687500
    880.0000000,      989.5384521484375000
    881.0000000,      982.1328735351562500
    882.0000000,      975.1398315429687500
    883.0000000,      966.0908813476562500
    884.0000000,      958.9230957031250000
    885.0000000,      953.3286743164062500
    886.0000000,      947.7342529296875000
    887.0000000,      939.7708129882812500
    888.0000000,      931.0769042968750000
    889.0000000,      923.3846435546875000
    890.0000000,      915.6923217773437500
    891.0000000,      908.8181762695312500
    892.0000000,      903.2237548828125000
    893.0000000,      895.6153564453125000
    894.0000000,      888.6643066406250000
    895.0000000,      882.0908813476562500
    896.0000000,      873.0000000000000000
    897.0000000,      865.3146972656250000
    898.0000000,      858.4895019531250000
    899.0000000,      852.1958007812500000
    900.0000000,      845.3750000000000000
    901.0000000,      838.1538696289062500
    902.0000000,      830.4615478515625000
    903.0000000,      826.0559692382812500
    904.0000000,      819.7202758789062500
    905.0000000,      811.3846435546875000
    906.0000000,      803.6923217773437500
    907.0000000,      797.8181762695312500
    908.0000000,      791.8461303710937500
    909.0000000,      782.0559692382812500
    910.0000000,      776.1328735351562500
    911.0000000,      770.4825439453125000
    912.0000000,      763.4895019531250000
    913.0000000,      757.8333129882812500
    914.0000000,      751.2307739257812500
    915.0000000,      743.6643066406250000
    916.0000000,      738.0699462890625000
    917.0000000,      732.0349731445312500
    918.0000000,      725.7412719726562500
    919.0000000,      719.4475708007812500
    920.0000000,      712.6153564453125000
    921.0000000,      705.8601684570312500
    922.0000000,      699.5664062500000000
    923.0000000,      693.2727050781250000
    924.0000000,      686.9790039062500000
    925.0000000,      680.5833129882812500
    926.0000000,      672.2500000000000000
    927.0000000,      665.1608276367187500
    928.0000000,      658.8671264648437500
    929.0000000,      652.5734252929687500
    930.0000000,      643.6573486328125000
    931.0000000,      635.4335937500000000
    932.0000000,      630.5384521484375000
    933.0000000,      622.5314941406250000
    934.0000000,      614.7832031250000000
    935.0000000,      607.7902221679687500
    936.0000000,      600.7971801757812500
    937.0000000,      595.4825439453125000
    938.0000000,      591.1735839843750000
    939.0000000,      586.3125000000000000
    940.0000000,      580.9160766601562500
    941.0000000,      574.9020996093750000
    942.0000000,      567.9091186523437500
    943.0000000,      562.1328735351562500
    944.0000000,      555.9230957031250000
    945.0000000,      548.9300537109375000
    946.0000000,      541.9370727539062500
    947.0000000,      536.1608276367187500
    948.0000000,      531.0559692382812500
    949.0000000,      524.7622680664062500
    950.0000000,      518.9720458984375000
    951.0000000,      513.5902709960937500
    952.0000000,      508.7291564941406200
    953.0000000,      503.8391723632812500
    954.0000000,      498.6503601074218700
    955.0000000,      493.0559387207031200
    956.0000000,      487.4615478515625000
    957.0000000,      482.2587280273437500
    958.0000000,      477.3636474609375000
    959.0000000,      472.4685363769531200
    960.0000000,      467.5734252929687500
    961.0000000,      462.6783142089843700
    962.0000000,      457.7832031250000000
    963.0000000,      451.7132873535156200
    964.0000000,      445.7222290039062500
    965.0000000,      440.1666564941406200
    966.0000000,      435.9300842285156200
    967.0000000,      430.2237854003906200
    968.0000000,      423.4615478515625000
    969.0000000,      418.5664367675781200
    970.0000000,      413.6713256835937500
    971.0000000,      408.2517395019531200
    972.0000000,      401.2587280273437500
    973.0000000,      395.4125976562500000
    974.0000000,      389.8181762695312500
    975.0000000,      384.2237854003906200
    976.0000000,      379.9720153808593700
    977.0000000,      375.7916564941406200
    978.0000000,      371.6223754882812500
    979.0000000,      367.4265747070312500
    980.0000000,      362.3076782226562500
    981.0000000,      356.8741149902343700
    982.0000000,      351.9790344238281200
    983.0000000,      346.5244750976562500
    984.0000000,      340.9300842285156200
    985.0000000,      335.3356628417968700
    986.0000000,      333.0279846191406200
    987.0000000,      328.0769348144531200
    988.0000000,      320.7762145996093700
    989.0000000,      317.9790344238281200
    990.0000000,      312.4545593261718700
    991.0000000,      306.2361145019531200
    992.0000000,      302.7638854980468700
    993.0000000,      297.6363525390625000
    994.0000000,      293.0209655761718700
    995.0000000,      290.2237854003906200
    996.0000000,      282.9230651855468800
    997.0000000,      277.6293640136718700
    998.0000000,      274.7062988281250000
    999.0000000,      269.8111877441406200
   1000.0000000,      264.9160766601562500
   1001.0000000,       66.4859807571308750
   1002.0000000,       67.7531934904572210
   1003.0000000,       67.6839861773804470
   1004.0000000,       67.7580394360843170
   1005.0000000,       69.6762678927223220
   1006.0000000,       71.6410018613674570
   1007.0000000,       72.4524007707634180
   1008.0000000,       73.5456837903733170
   1009.0000000,       75.0824916762793610
   1010.0000000,       75.9453485476090580
   1011.0000000,       76.3473613150167840
   1012.0000000,       76.5677514812290240
   1013.0000000,       77.0502896916946300
   1014.0000000,       78.1140054792365820
   1015.0000000,       78.9143443267617500
   1016.0000000,       79.7896212379404370
   1017.0000000,       81.0002064544882500
   1018.0000000,       82.5699733247692930
   1019.0000000,       84.0283121198615820
   1020.0000000,       84.7665425755033510
   1021.0000000,       85.1209724989513460
   1022.0000000,       86.7515860947986540
   1023.0000000,       89.0709957660444620
   1024.0000000,       90.3602876599203030
   1025.0000000,       91.0863684327810430
   1026.0000000,       91.4754777946728130
   1027.0000000,       91.6025128460570530
   1028.0000000,       92.1395566799496630
   1029.0000000,       93.6591518325293610
   1030.0000000,       95.1708656669463120
   1031.0000000,       95.4987268639890910
   1032.0000000,       95.9579160549496630
   1033.0000000,       98.2088434616191250
   1034.0000000,      100.5884608326342300
   1035.0000000,      101.7156122194840600
   1036.0000000,      102.5171717701342300
   1037.0000000,      103.9640081008808700
   1038.0000000,      105.8987324349832200
   1039.0000000,      106.9004381423028500
   1040.0000000,      107.1169695758179500
   1041.0000000,      108.5870893849622500
   1042.0000000,      110.9901540871434500
   1043.0000000,      112.5709810192953000
   1044.0000000,      113.2967832424496600
   1045.0000000,      114.5480940645973200
   1046.0000000,      117.0679775980495000
   1047.0000000,      119.2174473704907700
   1048.0000000,      119.4978076499580500
   1049.0000000,      119.6211396287751700
   1050.0000000,      120.6247951840394300
   1051.0000000,      121.7531099255453000
   1052.0000000,      123.1446869101300300
   1053.0000000,      124.4928838742659400
   1054.0000000,      126.2635506239513500
   1055.0000000,      128.0007586383179600
   1056.0000000,      129.7380485790687900
   1057.0000000,      131.6742721660025100
   1058.0000000,      133.4449471083263500
   1059.0000000,      134.8801171219589000
   1060.0000000,      135.7251058488884300
   1061.0000000,      136.4125911021392600
   1062.0000000,      137.2119714109689700
   1063.0000000,      137.9394367397231600
   1064.0000000,      139.0797209259647800
   1065.0000000,      141.1557191170302000
   1066.0000000,      142.7336868183724900
   1067.0000000,      142.3057197724412800
   1068.0000000,      142.0652822200083800
   1069.0000000,      144.0164573720637700
   1070.0000000,      145.9676161388422900
   1071.0000000,      146.3358096948406100
   1072.0000000,      146.6356602611157600
   1073.0000000,      148.0749921350671100
   1074.0000000,      149.7270212877516800
   1075.0000000,      151.3310579645553600
   1076.0000000,      152.9174476981963000
   1077.0000000,      154.4177491872902700
   1078.0000000,      155.8868694945469700
   1079.0000000,      157.0873204173657600
   1080.0000000,      157.9042575503355600
   1081.0000000,      159.0110666159815500
   1082.0000000,      160.7088762321728300
   1083.0000000,      162.1134877044882500
   1084.0000000,      162.7477617711828900
   1085.0000000,      163.5612907665687900
   1086.0000000,      165.2291317114093900
   1087.0000000,      166.8489801803691300
   1088.0000000,      167.4711782980285200
   1089.0000000,      168.0914101824664300
   1090.0000000,      170.1112724150587200
   1091.0000000,      172.2551220375419500
   1092.0000000,      172.9062401688339000
   1093.0000000,      173.1933429897231600
   1094.0000000,      174.3329389943372400
   1095.0000000,      175.9812486891778500
   1096.0000000,      177.2905142355285200
   1097.0000000,      178.1038466075922900
   1098.0000000,      179.3135224412751500
   1099.0000000,      181.0159199349832300
   1100.0000000,      182.4894970375419500
   1101.0000000,      183.7761345165687900
   1102.0000000,      185.2515467701342400
   1103.0000000,      186.9546652160235000
   1104.0000000,      188.5496736052852200
   1105.0000000,      189.3789816222735000
   1106.0000000,      190.3547248584312100
   1107.0000000,      192.4100776006711400
   1108.0000000,      194.4545996749161000
   1109.0000000,      196.7250255610318800
   1110.0000000,      199.1588454278523600
   1111.0000000,      200.5131213296979800
   1112.0000000,      201.8760814282718200
   1113.0000000,      204.3187165740352200
   1114.0000000,      206.5054792365771700
   1115.0000000,      207.7083224098154200
   1116.0000000,      208.8369894347735000
   1117.0000000,      210.7250157298657600
   1118.0000000,      213.1622437342701300
   1119.0000000,      215.9063352034396000
   1120.0000000,      218.6346476510067000
   1121.0000000,      220.9410392197986500
   1122.0000000,      222.6635086776426200
   1123.0000000,      224.7720971843540400
   1124.0000000,      227.4867934668624200
   1125.0000000,      229.8936431679949800
   1126.0000000,      233.0937860476090600
   1127.0000000,      236.6064289272231600
   1128.0000000,      239.9297071623322200
   1129.0000000,      242.9524302642617500
   1130.0000000,      245.7730737468540400
   1131.0000000,      248.8810166736577100
   1132.0000000,      252.9073215971056900
   1133.0000000,      256.4538656145134000
   1134.0000000,      260.4808095637583800
   1135.0000000,      264.9676063076761900
   1136.0000000,      269.2369540425755200
   1137.0000000,      273.7218500943791900
   1138.0000000,      277.8674889890939400
   1139.0000000,      281.5872417680369000
   1140.0000000,      285.9982238359899600
   1141.0000000,      291.2535719903523300
   1142.0000000,      296.3198012793624200
   1143.0000000,      300.4115981543624200
   1144.0000000,      304.4140952705536700
   1145.0000000,      310.1182033871644400
   1146.0000000,      316.5220283661912500
   1147.0000000,      322.8675873007550200
   1148.0000000,      328.5895225985738100
   1149.0000000,      333.5575057676174400
   1150.0000000,      338.8668270239094200
   1151.0000000,      345.2495149958053800
   1152.0000000,      351.7074113884228300
   1153.0000000,      359.7194512898490200
   1154.0000000,      368.5158216233221500
   1155.0000000,      375.4582634228187900
   1156.0000000,      381.6005138422818800
   1157.0000000,      388.9260761849832300
   1158.0000000,      397.2611026635905800
   1159.0000000,      406.1556208053691500
   1160.0000000,      414.9595939072986500
   1161.0000000,      423.2492659395973100
   1162.0000000,      430.3754522336409400
   1163.0000000,      437.4732592281879400
   1164.0000000,      445.6192651531040400
   1165.0000000,      454.2091482277684800
   1166.0000000,      464.0004653418624200
   1167.0000000,      473.5341075922818800
   1168.0000000,      482.2901373741610800
   1169.0000000,      490.7980285234899600
   1170.0000000,      497.8383887374161000
   1171.0000000,      504.8057689282717900
   1172.0000000,      513.7260774958053800
   1173.0000000,      522.9527907403523800
   1174.0000000,      531.6246985109060000
   1175.0000000,      540.2694067218959600
   1176.0000000,      545.8502975566275400
   1177.0000000,      550.4819893036913100
   1178.0000000,      558.8978607382550800
   1179.0000000,      567.9952941484899600
   1180.0000000,      575.4115326132550800
   1181.0000000,      583.1736315016778500
   1182.0000000,      590.4623925125838500
   1183.0000000,      595.8231307676175000
   1184.0000000,      601.2668440645973100
   1185.0000000,      607.7183829697986500
   1186.0000000,      614.9623794043624200
   1187.0000000,      623.0688312709731900
   1188.0000000,      629.6797661493288800
   1189.0000000,      633.7981727139261900
   1190.0000000,      638.4146261535235000
   1191.0000000,      644.1401006711408900
   1192.0000000,      649.5446859270134600
   1193.0000000,      654.5830930159396500
   1194.0000000,      659.9877438129194600
   1195.0000000,      665.6145789639261900
   1196.0000000,      670.8085806417785800
   1197.0000000,      674.7206638003356100
   1198.0000000,      678.3294882550335400
   1199.0000000,      682.9863805578859200
   1200.0000000,      687.3029178901006200
   1201.0000000,      690.5634569001678100
   1202.0000000,      694.9507130872483500
   1203.0000000,      699.5817166526845800
   1204.0000000,      703.8106910654362300
   1205.0000000,      709.0587641568791900
   1206.0000000,      714.0958604236577700
   1207.0000000,      717.8018823406040400
   1208.0000000,      722.2709338296980400
   1209.0000000,      727.9328334731543500
   1210.0000000,      733.3819211409396500
   1211.0000000,      737.6774853187919200
   1212.0000000,      740.4793021182886200
   1213.0000000,      743.9733640939597300
   1214.0000000,      748.9227008179530000
   1215.0000000,      753.7375471895973100
   1216.0000000,      757.9920826342281500
   1217.0000000,      762.2318713296980400
   1218.0000000,      766.7941878145973100
   1219.0000000,      771.5197016568791900
   1220.0000000,      775.7923919882550800
   1221.0000000,      779.6314623531878900
   1222.0000000,      783.4808882130872700
   1223.0000000,      787.5050466652684200
   1224.0000000,      790.7160365981543500
   1225.0000000,      793.6786912751678100
   1226.0000000,      798.6484112835570400
   1227.0000000,      803.9706769085570400
   1228.0000000,      806.9692481124161500
   1229.0000000,      809.1621224832214200
   1230.0000000,      812.8174155830537300
   1231.0000000,      817.6409133808724600
   1232.0000000,      822.1865168833892300
   1233.0000000,      825.6409920302013500
   1234.0000000,      827.8500550545302300
   1235.0000000,      829.6119311031878900
   1236.0000000,      832.7059301593959600
   1237.0000000,      837.0791605494966900
   1238.0000000,      841.2757576552013500
   1239.0000000,      845.1191537332214200
   1240.0000000,      848.7644190436241200
   1241.0000000,      852.4454697986577700
   1242.0000000,      855.9832476929530000
   1243.0000000,      858.9852925755033100
   1244.0000000,      862.3705563129194600
   1245.0000000,      866.7732802013422300
   1246.0000000,      870.9374344588926500
   1247.0000000,      874.4513553901006200
   1248.0000000,      878.1656354865772300
   1249.0000000,      882.5550545302013500
   1250.0000000,      887.2413092491610800
   1251.0000000,      891.6954829068791900
   1252.0000000,      895.7606700922818800
   1253.0000000,      899.4613176384227700
   1254.0000000,      903.1489880453019600
   1255.0000000,      907.8583787751678100
   1256.0000000,      913.6822960360738100
   1257.0000000,      919.4023306417785800
   1258.0000000,      924.4351667365772300
   1259.0000000,      929.7989854236577700
   1260.0000000,      934.7321990352348800
   1261.0000000,      938.7802799916107700
   1262.0000000,      943.3601614932886200
   1263.0000000,      947.9289010067113800
   1264.0000000,      951.6722158137583800
   1265.0000000,      955.4148752097315800
   1266.0000000,      959.8790766568791900
   1267.0000000,      965.3381921140940000
   1268.0000000,      971.3606989303691500
   1269.0000000,      976.4549470427851900
   1270.0000000,      980.4036021392616900
   1271.0000000,      984.5140126887583800
   1272.0000000,      989.0442795721476200
   1273.0000000,      993.8921586619127300
   1274.0000000,      999.4720008389261900
   1275.0000000,     1004.7563837038591000
   1276.0000000,     1008.5235554739933000
   1277.0000000,     1011.9608588506711000
   1278.0000000,     1016.4998427013422000
   1279.0000000,     1021.6473101929530000
   1280.0000000,     1025.7990116401006000
   1281.0000000,     1028.9900770763422000
   1282.0000000,     1033.4624056208054000
   1283.0000000,     1038.6699743078859000
   1284.0000000,     1042.9190698406039000
   1285.0000000,     1046.9612520973155000
   1286.0000000,     1050.8032062709731000
   1287.0000000,     1054.6677065855704000
   1288.0000000,     1057.6675230704698000
   1289.0000000,     1059.8164193582215000
   1290.0000000,     1062.8762714974832000
   1291.0000000,     1066.5874056208054000
   1292.0000000,     1069.9877438129195000
   1293.0000000,     1072.3921193372482000
   1294.0000000,     1074.3773594798658000
   1295.0000000,     1076.4219798657718000
   1296.0000000,     1078.0795144714766000
   1297.0000000,     1079.3432781040269000
   1298.0000000,     1080.7668964974832000
   1299.0000000,     1082.5633127097315000
   1300.0000000,     1084.5149302642617000
   1301.0000000,     1085.9893430159395000
   1302.0000000,     1087.0916789010066000
   1303.0000000,     1088.7961409395973000
   1304.0000000,     1090.9330432046979000
   1305.0000000,     1092.3708840184563000
   1306.0000000,     1093.3393849622482000
   1307.0000000,     1094.6454226090605000
   1308.0000000,     1095.7650613464766000
   1309.0000000,     1096.2567507340605000
   1310.0000000,     1097.2118157508389000
   1311.0000000,     1099.2837667785234000
   1312.0000000,     1101.5982854446308000
   1313.0000000,     1103.1967019714766000
   1314.0000000,     1104.8959207214766000
   1315.0000000,     1106.8211252097315000
   1316.0000000,     1108.4395973154362000
   1317.0000000,     1110.4932623741611000
   1318.0000000,     1112.9871015100671000
   1319.0000000,     1116.6178166946308000
   1320.0000000,     1120.4325713087248000
   1321.0000000,     1123.4156092701342000
   1322.0000000,     1127.6537594379195000
   1323.0000000,     1132.5329016359060000
   1324.0000000,     1136.5896340184563000
   1325.0000000,     1140.7153156459731000
   1326.0000000,     1145.8218854865772000
   1327.0000000,     1150.8373531879195000
   1328.0000000,     1155.4561661073826000
   1329.0000000,     1161.2760853607383000
   1330.0000000,     1168.1664219798658000
   1331.0000000,     1174.5018875838925000
   1332.0000000,     1180.6206742869128000
   1333.0000000,     1187.9805473993288000
   1334.0000000,     1196.1231124161075000
   1335.0000000,     1203.5801174496644000
   1336.0000000,     1211.1498531879195000
   1337.0000000,     1219.6705903942952000
   1338.0000000,     1227.8178743708054000
   1339.0000000,     1234.7560559983222000
   1340.0000000,     1241.7150796979865000
   1341.0000000,     1249.2546665268455000
   1342.0000000,     1255.6833315855704000
   1343.0000000,     1260.7092858640940000
   1344.0000000,     1265.0297556627518000
   1345.0000000,     1268.8635171979865000
   1346.0000000,     1271.7340866191275000
   1347.0000000,     1273.9328596895973000
   1348.0000000,     1274.6589240771812000
   1349.0000000,     1272.8978345218120000
   1350.0000000,     1269.4255977348994000
   1351.0000000,     1265.7187237835572000
   1352.0000000,     1261.6962038590605000
   1353.0000000,     1257.5534815436242000
   1354.0000000,     1251.1959941275168000
   1355.0000000,     1243.7624528104027000
   1356.0000000,     1237.3727191694632000
   1357.0000000,     1231.1815750838925000
   1358.0000000,     1226.5116401006712000
   1359.0000000,     1224.2511273070470000
   1360.0000000,     1222.2763737416108000
   1361.0000000,     1221.7870438338925000
   1362.0000000,     1223.2124318372482000
   1363.0000000,     1226.1518194211410000
   1364.0000000,     1232.0754247063758000
   1365.0000000,     1242.1764890939598000
   1366.0000000,     1253.0408452181207000
   1367.0000000,     1265.5555264261745000
   1368.0000000,     1280.6582948825503000
   1369.0000000,     1295.8364356124162000
   1370.0000000,     1309.4636115771812000
   1371.0000000,     1323.7505243288590000
   1372.0000000,     1339.1020868288590000
   1373.0000000,     1353.0266883389261000
   1374.0000000,     1363.8064964345638000
   1375.0000000,     1369.8444054110739000
   1376.0000000,     1372.9020291526845000
   1377.0000000,     1373.2024695889261000
   1378.0000000,     1371.9849779781880000
   1379.0000000,     1369.1568791946308000
   1380.0000000,     1364.8432256711410000
   1381.0000000,     1358.9336461828859000
   1382.0000000,     1353.4574244966443000
   1383.0000000,     1349.9112573406039000
   1384.0000000,     1347.3314282718120000
   1385.0000000,     1346.5184563758389000
   1386.0000000,     1347.1640362835572000
   1387.0000000,     1348.9231596057048000
   1388.0000000,     1352.6232172818793000
   1389.0000000,     1357.3877936241611000
   1390.0000000,     1360.1399958053692000
   1391.0000000,     1360.6299811241611000
   1392.0000000,     1359.6016411493288000
   1393.0000000,     1354.3323982802012000
   1394.0000000,     1347.4619861577182000
   1395.0000000,     1340.7425807466443000
   1396.0000000,     1333.0513317953021000
   1397.0000000,     1325.5906564597315000
   1398.0000000,     1318.2652579697988000
   1399.0000000,     1309.3266306627518000
   1400.0000000,     1300.4007183305368000
   1401.0000000,     1292.0617921560402000
   1402.0000000,     1284.3692323825503000
   1403.0000000,     1277.9956218540269000
   1404.0000000,     1272.3108483640940000
   1405.0000000,     1266.7728869546979000
   1406.0000000,     1262.4887269295302000
   1407.0000000,     1258.6254718959731000
   1408.0000000,     1252.3256606543623000
   1409.0000000,     1245.3641463926174000
   1410.0000000,     1240.8924077181207000
   1411.0000000,     1238.1626205956377000
   1412.0000000,     1236.0286021392617000
   1413.0000000,     1233.6485423657718000
   1414.0000000,     1230.7273752097315000
   1415.0000000,     1228.3243760486578000
   1416.0000000,     1227.9907718120805000
   1417.0000000,     1227.0726719798658000
   1418.0000000,     1225.0405044043623000
   1419.0000000,     1223.8700713087248000
   1420.0000000,     1222.8477611157718000
   1421.0000000,     1221.2742502097315000
   1422.0000000,     1220.2389628775168000
   1423.0000000,     1220.2232330117449000
   1424.0000000,     1221.2500000000000000
   1425.0000000,     1222.1317900587248000
   1426.0000000,     1222.2702128775168000
   1427.0000000,     1222.5650167785234000
   1428.0000000,     1223.6633546560402000
   1429.0000000,     1224.7504194630872000
   1430.0000000,     1225.2231019295302000
   1431.0000000,     1226.0965027265102000
   1432.0000000,     1228.0939335151006000
   1433.0000000,     1229.8291998741611000
   1434.0000000,     1230.8361734479865000
   1435.0000000,     1231.9207476929530000
   1436.0000000,     1233.1437447567114000
   1437.0000000,     1234.0319578439598000
   1438.0000000,     1234.4067218959731000
   1439.0000000,     1235.3237730704698000
   1440.0000000,     1237.6892827181207000
   1441.0000000,     1240.2991296140940000
   1442.0000000,     1242.9100251677853000
   1443.0000000,     1245.3121067533557000
   1444.0000000,     1246.8348888422818000
   1445.0000000,     1248.7986315016778000
   1446.0000000,     1252.1534186241611000
   1447.0000000,     1255.1072252516778000
   1448.0000000,     1257.5057676174497000
   1449.0000000,     1260.6243445889261000
   1450.0000000,     1264.5599570050335000
   1451.0000000,     1268.4293729026845000
   1452.0000000,     1272.1899905620805000
   1453.0000000,     1275.7001101090605000
   1454.0000000,     1278.7311241610739000
   1455.0000000,     1281.7043309563758000
   1456.0000000,     1285.0593802432886000
   1457.0000000,     1288.8501468120805000
   1458.0000000,     1293.5368603187919000
   1459.0000000,     1298.5424968540269000
   1460.0000000,     1302.7759280620805000
   1461.0000000,     1306.1800020973155000
   1462.0000000,     1309.1958106124162000
   1463.0000000,     1312.0696570889261000
   1464.0000000,     1314.9341967281880000
   1465.0000000,     1317.6740771812081000
   1466.0000000,     1320.7374685402685000
   1467.0000000,     1325.0769452600671000
   1468.0000000,     1329.0103292785234000
   1469.0000000,     1331.8525849412752000
   1470.0000000,     1336.4027107802012000
   1471.0000000,     1341.6726090604027000
   1472.0000000,     1346.6731333892617000
   1473.0000000,     1352.7460413171141000
   1474.0000000,     1359.1777212667785000
   1475.0000000,     1366.0848364093961000
   1476.0000000,     1373.0976038171141000
   1477.0000000,     1378.6548343120805000
   1478.0000000,     1384.5527474832215000
   1479.0000000,     1392.0624475671141000
   1480.0000000,     1399.9200398489934000
   1481.0000000,     1406.9796036073826000
   1482.0000000,     1414.2525692114093000
   1483.0000000,     1421.3466075922818000
   1484.0000000,     1428.3520343959731000
   1485.0000000,     1436.2167051174497000
   1486.0000000,     1443.2739093959731000
   1487.0000000,     1449.9920039848994000
   1488.0000000,     1458.9308934563758000
   1489.0000000,     1468.9987940436242000
   1490.0000000,     1476.9435559983222000
   1491.0000000,     1482.4786335989934000
   1492.0000000,     1488.3011744966443000
   1493.0000000,     1496.0933567533557000
   1494.0000000,     1504.7083420721476000
   1495.0000000,     1512.4317061661075000
   1496.0000000,     1519.8045564177853000
   1497.0000000,     1527.5654100251677000
   1498.0000000,     1535.5734846895973000
   1499.0000000,     1543.9208001258389000
   1500.0000000,     1551.2216862416108000
   1501.0000000,     1557.4681470218120000
   1502.0000000,     1564.6161912751677000
   1503.0000000,     1572.5002621644296000
   1504.0000000,     1579.6670511744967000
   1505.0000000,     1586.3349412751677000
   1506.0000000,     1593.7552432885907000
   1507.0000000,     1601.5096738674497000
   1508.0000000,     1608.8388737416108000
   1509.0000000,     1615.4920826342282000
   1510.0000000,     1622.2867292365772000
   1511.0000000,     1630.4827757969799000
   1512.0000000,     1637.9547242030201000
   1513.0000000,     1642.8718802432886000
   1514.0000000,     1648.7038590604027000
   1515.0000000,     1656.4004823825503000
   1516.0000000,     1663.3703859060402000
   1517.0000000,     1669.6982487416108000
   1518.0000000,     1675.8581952600671000
   1519.0000000,     1681.3164586828859000
   1520.0000000,     1687.4368183724832000
   1521.0000000,     1694.2184878355704000
   1522.0000000,     1700.8564911912752000
   1523.0000000,     1707.7249370805368000
   1524.0000000,     1714.3272860738255000
   1525.0000000,     1720.4774014261745000
   1526.0000000,     1726.2709731543623000
   1527.0000000,     1731.2325660654362000
   1528.0000000,     1736.4808357802012000
   1529.0000000,     1742.5005243288590000
   1530.0000000,     1748.3491505872482000
   1531.0000000,     1753.4977978187919000
   1532.0000000,     1758.4967491610739000
   1533.0000000,     1763.0762374161075000
   1534.0000000,     1767.7455169882551000
   1535.0000000,     1773.8057099412752000
   1536.0000000,     1779.9382602768455000
   1537.0000000,     1784.2836356963087000
   1538.0000000,     1788.2918676593961000
   1539.0000000,     1793.0784658137584000
   1540.0000000,     1798.1788747902685000
   1541.0000000,     1802.9479079278524000
   1542.0000000,     1807.5436503775168000
   1543.0000000,     1812.8541841442952000
   1544.0000000,     1817.5954278523491000
   1545.0000000,     1820.5363884228188000
   1546.0000000,     1823.5726457634228000
   1547.0000000,     1827.2551384228188000
   1548.0000000,     1831.1915373322147000
   1549.0000000,     1834.1652684563758000
   1550.0000000,     1836.8942690855704000
   1551.0000000,     1841.9957267197988000
   1552.0000000,     1847.4644767197988000
   1553.0000000,     1851.4510801174497000
   1554.0000000,     1854.9094221895973000
   1555.0000000,     1857.5174339345638000
   1556.0000000,     1860.2210046140940000
   1557.0000000,     1863.6056784815437000
   1558.0000000,     1867.0908924077182000
   1559.0000000,     1870.6277527265102000
   1560.0000000,     1873.7797556627518000
   1561.0000000,     1876.0196885486578000
   1562.0000000,     1878.5613726929530000
   1563.0000000,     1881.8306942114093000
   1564.0000000,     1884.1047084731545000
   1565.0000000,     1884.9986891778524000
   1566.0000000,     1887.0303324244967000
   1567.0000000,     1890.5712562919464000
   1568.0000000,     1892.6233483640940000
   1569.0000000,     1892.3527946728188000
   1570.0000000,     1893.4309458892617000
   1571.0000000,     1896.8908609479865000
   1572.0000000,     1899.5924653942952000
   1573.0000000,     1901.1628303271812000
   1574.0000000,     1902.8594274328859000
   1575.0000000,     1904.2426069630872000
   1576.0000000,     1906.7152107802012000
   1577.0000000,     1910.5138422818793000
   1578.0000000,     1912.8343907298658000
   1579.0000000,     1913.6788223573826000
   1580.0000000,     1914.9958053691275000
   1581.0000000,     1917.2280044043623000
   1582.0000000,     1919.5503880033557000
   1583.0000000,     1921.6465236996644000
   1584.0000000,     1924.9154519714766000
   1585.0000000,     1929.2946466023491000
   1586.0000000,     1932.3045564177853000
   1587.0000000,     1934.0465079697988000
   1588.0000000,     1936.0114303691275000
   1589.0000000,     1938.3470532718120000
   1590.0000000,     1942.2952495805368000
   1591.0000000,     1946.8445889261745000
   1592.0000000,     1949.9883336828859000
   1593.0000000,     1952.8337353187919000
   1594.0000000,     1955.6138580117449000
   1595.0000000,     1958.2564754614093000
   1596.0000000,     1961.6765415268455000
   1597.0000000,     1965.6073039010066000
   1598.0000000,     1969.4727873322147000
   1599.0000000,     1973.0643089345638000
   1600.0000000,     1977.0214188338925000
   1601.0000000,     1981.3269452600671000
   1602.0000000,     1984.6658714345638000
   1603.0000000,     1987.6000157298658000
   1604.0000000,     1992.1557781040269000
   1605.0000000,     1997.1918257130872000
   1606.0000000,     2002.3896287751677000
   1607.0000000,     2007.9045197147650000
   1608.0000000,     2011.5031197567114000
   1609.0000000,     2014.1834888842282000
   1610.0000000,     2018.7448877936242000
   1611.0000000,     2023.9388894714766000
   1612.0000000,     2026.8546822567114000
   1613.0000000,     2029.1638265520135000
   1614.0000000,     2033.2130872483222000
   1615.0000000,     2037.6972787332215000
   1616.0000000,     2042.1151426174497000
   1617.0000000,     2046.4470165687919000
   1618.0000000,     2050.0099622483222000
   1619.0000000,     2053.6143299077180000
   1620.0000000,     2057.2633966023491000
   1621.0000000,     2061.0232277684563000
   1622.0000000,     2066.3796403104025000
   1623.0000000,     2071.6872902684563000
   1624.0000000,     2075.9610947986575000
   1625.0000000,     2080.0416841442952000
   1626.0000000,     2082.0051646392617000
   1627.0000000,     2083.9045459312078000
   1628.0000000,     2088.7197200083892000
   1629.0000000,     2093.6548343120803000
   1630.0000000,     2097.5541369546982000
   1631.0000000,     2101.4935507550335000
   1632.0000000,     2104.6450293624162000
   1633.0000000,     2107.7137950922820000
   1634.0000000,     2111.4032351090605000
   1635.0000000,     2115.0776006711408000
   1636.0000000,     2119.1186031879197000
   1637.0000000,     2123.2757445469797000
   1638.0000000,     2126.9742292365772000
   1639.0000000,     2130.3911493288592000
   1640.0000000,     2133.0522493708054000
   1641.0000000,     2135.4762216862414000
   1642.0000000,     2136.7726247902683000
   1643.0000000,     2138.2922609060402000
   1644.0000000,     2140.7334049916108000
   1645.0000000,     2143.4916369546982000
   1646.0000000,     2146.7338244546982000
   1647.0000000,     2149.0219955956377000
   1648.0000000,     2149.4667575503354000
   1649.0000000,     2150.5356019295300000
   1650.0000000,     2152.4469117030203000
   1651.0000000,     2153.9754614093958000
   1652.0000000,     2155.0861210151006000
   1653.0000000,     2156.7735423657718000
   1654.0000000,     2159.4414586828857000
   1655.0000000,     2161.8874528104025000
   1656.0000000,     2163.6801331795300000
   1657.0000000,     2163.5940121644294000
   1658.0000000,     2162.0066065436240000
   1659.0000000,     2161.8200765520132000
   1660.0000000,     2162.5541369546982000
   1661.0000000,     2162.5597734899329000
   1662.0000000,     2162.0802747483222000
   1663.0000000,     2161.7567638422820000
   1664.0000000,     2161.4816222734898000
   1665.0000000,     2160.0873007550335000
   1666.0000000,     2158.1873951342282000
   1667.0000000,     2156.4904047818791000
   1668.0000000,     2154.8459783976509000
   1669.0000000,     2154.4075083892617000
   1670.0000000,     2154.3721161912754000
   1671.0000000,     2153.9939440016778000
   1672.0000000,     2153.5304372902683000
   1673.0000000,     2153.2452023909395000
   1674.0000000,     2153.0576237416108000
   1675.0000000,     2152.1628565436240000
   1676.0000000,     2151.1165583053689000
   1677.0000000,     2151.1615195050335000
   1678.0000000,     2151.3152789429532000
   1679.0000000,     2148.9779519714766000
   1680.0000000,     2146.5103292785234000
   1681.0000000,     2143.6617816694629000
   1682.0000000,     2140.7639471476509000
   1683.0000000,     2138.8412332214766000
   1684.0000000,     2136.7559773489934000
   1685.0000000,     2132.5124528104025000
   1686.0000000,     2128.4140362835569000
   1687.0000000,     2125.1297713926174000
   1688.0000000,     2121.5265834731545000
   1689.0000000,     2116.4892250419462000
   1690.0000000,     2111.3327128775168000
   1691.0000000,     2105.6732382550335000
   1692.0000000,     2099.3894190436240000
   1693.0000000,     2091.4236839345635000
   1694.0000000,     2083.1107120385905000
   1695.0000000,     2074.0763947147652000
   1696.0000000,     2064.6203859060402000
   1697.0000000,     2054.4113097734898000
   1698.0000000,     2043.3719588926174000
   1699.0000000,     2031.1611262583892000
   1700.0000000,     2018.3549182046979000
   1701.0000000,     2004.8841233221476000
   1702.0000000,     1991.1784291107383000
   1703.0000000,     1977.2547451761745000
   1704.0000000,     1963.3689440016778000
   1705.0000000,     1949.5105390100671000
   1706.0000000,     1934.6382130872482000
   1707.0000000,     1919.1694630872482000
   1708.0000000,     1905.0133703859060000
   1709.0000000,     1891.4567166526845000
   1710.0000000,     1879.9416684144296000
   1711.0000000,     1869.1747063758389000
   1712.0000000,     1859.9653942953021000
   1713.0000000,     1851.1790845218120000
   1714.0000000,     1846.5250104865772000
   1715.0000000,     1842.6063076761745000
   1716.0000000,     1841.3164586828859000
   1717.0000000,     1840.3149905620805000
   1718.0000000,     1842.3797976090605000
   1719.0000000,     1844.6049182046979000
   1720.0000000,     1849.0639419043623000
   1721.0000000,     1853.5570469798658000
   1722.0000000,     1858.1398122902685000
   1723.0000000,     1862.5393246644296000
   1724.0000000,     1866.1012216862416000
   1725.0000000,     1869.3120805369128000
   1726.0000000,     1870.9042051174497000
   1727.0000000,     1872.3225146812081000
   1728.0000000,     1873.3258179530201000
   1729.0000000,     1873.4645029362416000
   1730.0000000,     1871.7327757969799000
   1731.0000000,     1870.1908557046979000
   1732.0000000,     1868.8237992869128000
   1733.0000000,     1866.2712353187919000
   1734.0000000,     1862.3894976929530000
   1735.0000000,     1858.6083001258389000
   1736.0000000,     1854.8133389261745000
   1737.0000000,     1850.3075188758389000
   1738.0000000,     1845.2972944630872000
   1739.0000000,     1839.6812080536913000
   1740.0000000,     1833.7153942953021000
   1741.0000000,     1828.6065960570470000
   1742.0000000,     1823.8704645553692000
   1743.0000000,     1819.2595165687919000
   1744.0000000,     1814.6439807046979000
   1745.0000000,     1809.1285654362416000
   1746.0000000,     1803.5034343540269000
   1747.0000000,     1798.4107592281880000
   1748.0000000,     1793.3057623741611000
   1749.0000000,     1787.0100146812081000
   1750.0000000,     1780.7268508808725000
   1751.0000000,     1774.7146340184563000
   1752.0000000,     1768.7722839765102000
   1753.0000000,     1764.1477034395973000
   1754.0000000,     1759.5539272231545000
   1755.0000000,     1754.3031669463087000
   1756.0000000,     1749.1623846476509000
   1757.0000000,     1744.9348521392617000
   1758.0000000,     1740.6892302852350000
   1759.0000000,     1736.0263737416108000
   1760.0000000,     1732.2980023070470000
   1761.0000000,     1730.2439440016778000
   1762.0000000,     1727.6545459312081000
   1763.0000000,     1724.4332005033557000
   1764.0000000,     1722.4399643456377000
   1765.0000000,     1721.4995805369128000
   1766.0000000,     1719.6947095218120000
   1767.0000000,     1717.3077023909395000
   1768.0000000,     1716.2599622483222000
   1769.0000000,     1715.9460203439598000
   1770.0000000,     1714.6549916107383000
   1771.0000000,     1712.9812028104027000
   1772.0000000,     1710.7661755453021000
   1773.0000000,     1708.4115457214766000
   1774.0000000,     1705.3623112416108000
   1775.0000000,     1702.2953806627518000
   1776.0000000,     1699.7269557466443000
   1777.0000000,     1697.1247116191275000
   1778.0000000,     1692.9165792785234000
   1779.0000000,     1689.1979079278524000
   1780.0000000,     1688.3246382130872000
   1781.0000000,     1686.7312028104027000
   1782.0000000,     1682.8696518456377000
   1783.0000000,     1679.5939072986578000
   1784.0000000,     1677.6187604865772000
   1785.0000000,     1675.3157770553692000
   1786.0000000,     1672.5006554110739000
   1787.0000000,     1669.6671822567114000
   1788.0000000,     1666.7460151006712000
   1789.0000000,     1663.0854131711410000
   1790.0000000,     1658.7985004194632000
   1791.0000000,     1655.0827128775168000
   1792.0000000,     1651.8097210570470000
   1793.0000000,     1647.1878932466443000
   1794.0000000,     1641.9700346057048000
   1795.0000000,     1637.8288852768455000
   1796.0000000,     1633.9052013422818000
   1797.0000000,     1629.1188653523491000
   1798.0000000,     1624.1948930369128000
   1799.0000000,     1617.1674444211410000
   1800.0000000,     1610.0369651845638000
   1801.0000000,     1603.5474779781880000
   1802.0000000,     1597.2725723573826000
   1803.0000000,     1592.6420931208054000
   1804.0000000,     1587.8218068372482000
   1805.0000000,     1581.9258598993288000
   1806.0000000,     1576.0962405620805000
   1807.0000000,     1570.6023227768455000
   1808.0000000,     1564.0545039848994000
   1809.0000000,     1555.7665687919464000
   1810.0000000,     1548.2275062919464000
   1811.0000000,     1541.6057571308725000
   1812.0000000,     1534.3026426174497000
   1813.0000000,     1526.3421507969799000
   1814.0000000,     1514.7896130453021000
   1815.0000000,     1501.4483273909395000
   1816.0000000,     1491.4660234899329000
   1817.0000000,     1482.5859899328859000
   1818.0000000,     1472.3936923238255000
   1819.0000000,     1461.9270396392617000
   1820.0000000,     1452.2938076761745000
   1821.0000000,     1442.7723888422818000
   1822.0000000,     1435.8041893875838000
   1823.0000000,     1429.0754771392617000
   1824.0000000,     1423.7045144714766000
   1825.0000000,     1418.0186923238255000
   1826.0000000,     1411.1130190855704000
   1827.0000000,     1404.2660706795302000
   1828.0000000,     1397.6583473154362000
   1829.0000000,     1389.4160287332215000
   1830.0000000,     1378.8228817114093000
   1831.0000000,     1444.6344117030201000
   1832.0000000,      873.5333860759493500
   1833.0000000,      873.4831487341772300
   1834.0000000,      870.3923259493670900
   1835.0000000,      868.5184335443037800
   1836.0000000,      874.4184335443037500
   1837.0000000,      880.3184335443038400
   1838.0000000,      882.9003164556961600
   1839.0000000,      885.3530063291139000
   1840.0000000,      889.0595727848101400
   1841.0000000,      892.8595727848101000
   1842.0000000,      897.7073575949367500
   1843.0000000,      905.1671677215190400
   1844.0000000,      913.3240506329113900
   1845.0000000,      921.3060917721519400
   1846.0000000,      929.1490506329114400
   1847.0000000,      935.4833069620252700
   1848.0000000,      942.0493670886076000
   1849.0000000,      948.4121044303797100
   1850.0000000,      954.1401107594937200
   1851.0000000,      960.3477848101265400
   1852.0000000,      968.6426424050632700
   1853.0000000,      976.4498417721519000
   1854.0000000,      980.9844145569620700
   1855.0000000,      985.3223101265822400
   1856.0000000,      988.0867879746834900
   1857.0000000,      990.7780854430379800
   1858.0000000,      991.1811708860759600
   1859.0000000,      989.9230221518987500
   1860.0000000,      986.3840981012658600
   1861.0000000,      981.0187499999999500
   1862.0000000,      974.7477848101266300
   1863.0000000,      969.2990506329114200
   1864.0000000,      963.7261867088607200
   1865.0000000,      955.0851265822784600
   1866.0000000,      946.0439873417722100
   1867.0000000,      932.0960443037975000
   1868.0000000,      917.1848892405063200
   1869.0000000,      904.0342563291138700
   1870.0000000,      892.4052215189873300
   1871.0000000,      883.8851265822785300
   1872.0000000,      881.0994462025316800
   1873.0000000,      878.5858386075949500
   1874.0000000,      875.5127373417722100
   1875.0000000,      873.0223892405063000
   1876.0000000,      874.7636075949367300
   1877.0000000,      876.8620253164557400
   1878.0000000,      877.7037183544304100
   1879.0000000,      877.9996044303796900
   1880.0000000,      876.9662974683544700
   1881.0000000,      875.0715981012658600
   1882.0000000,      871.2871044303797100
   1883.0000000,      862.2986550632911100
   1884.0000000,      852.6612341772151900
   1885.0000000,      840.7642405063290900
   1886.0000000,      828.6630537974683600
   1887.0000000,      814.5295094936708400
   1888.0000000,      799.2857594936708700
   1889.0000000,      780.7319620253164200
   1890.0000000,      761.5553797468354600
   1891.0000000,      745.5401107594937000
   1892.0000000,      729.8008702531645900
   1893.0000000,      712.5776107594937200
   1894.0000000,      695.7650316455695900
   1895.0000000,      678.6116297468354300
   1896.0000000,      659.0195411392404600
   1897.0000000,      639.1761867088607700
   1898.0000000,      622.3900316455695900
   1899.0000000,      607.0933148734177400
   1900.0000000,      596.0641218354430700
   1901.0000000,      585.8442246835443300
   1902.0000000,      574.5197389240506700
   1903.0000000,      563.7470727848101400
   1904.0000000,      553.5306962025316600
   1905.0000000,      546.1522943037974800
   1906.0000000,      539.3409018987341600
   1907.0000000,      532.6117484177215100
   1908.0000000,      525.6947389240506300
   1909.0000000,      522.3297863924050300
   1910.0000000,      519.3387262658227400
   1911.0000000,      516.9626977848100800
   1912.0000000,      516.8421677215189900
   1913.0000000,      515.8412974683544700
   1914.0000000,      512.6227056962025000
   1915.0000000,      509.2919303797468200
   1916.0000000,      505.5981012658227800
   1917.0000000,      501.2942642405063200
   1918.0000000,      496.0095727848101300
   1919.0000000,      491.8952927215190100
   1920.0000000,      494.8392009493670700
   1921.0000000,      497.4176424050633000
   1922.0000000,      498.6707278481012500
   1923.0000000,      500.8744462025316600
   1924.0000000,      502.3517009493671100
   1925.0000000,      504.1861155063290900
   1926.0000000,      506.3510284810126300
   1927.0000000,      507.3458860759493500
   1928.0000000,      507.3787579113924300
   1929.0000000,      506.3736550632911500
   1930.0000000,      505.2689873417721700
   1931.0000000,      507.1765031645569500
   1932.0000000,      509.5537183544303700
   1933.0000000,      512.7912183544303800
   1934.0000000,      516.4136471518987700
   1935.0000000,      517.2059731012658400
   1936.0000000,      517.3579905063290900
   1937.0000000,      519.1060917721519000
   1938.0000000,      522.6739715189872900
   1939.0000000,      526.1383306962025000
   1940.0000000,      528.8369462025316400
   1941.0000000,      530.2916534810126400
   1942.0000000,      530.6545886075949700
   1943.0000000,      532.1099287974683400
   1944.0000000,      535.1462816455696200
   1945.0000000,      539.1863528481012500
   1946.0000000,      542.9292721518987700
   1947.0000000,      548.2704509493670500
   1948.0000000,      553.1487737341772100
   1949.0000000,      555.7350079113923600
   1950.0000000,      557.7914161392404800
   1951.0000000,      559.2137262658227400
   1952.0000000,      559.0700553797468000
   1953.0000000,      561.7706091772151900
   1954.0000000,      567.3574367088607500
   1955.0000000,      571.9173259493670700
   1956.0000000,      575.2061708860759400
   1957.0000000,      578.9674841772151700
   1958.0000000,      583.6469936708861000
   1959.0000000,      586.9755142405063000
   1960.0000000,      588.5153085443038200
   1961.0000000,      591.3789952531645900
   1962.0000000,      596.8840585443038000
   1963.0000000,      601.2397547468353900
   1964.0000000,      605.3525316455695700
   1965.0000000,      612.8426424050633200
   1966.0000000,      618.4096123417721200
   1967.0000000,      619.5859572784810300
   1968.0000000,      623.3501977848101200
   1969.0000000,      628.8532832278481200
   1970.0000000,      631.7153481012658200
   1971.0000000,      634.2529667721519200
   1972.0000000,      638.7378164556962500
   1973.0000000,      643.3725474683544700
   1974.0000000,      646.3359177215189700
   1975.0000000,      649.6597705696202600
   1976.0000000,      653.8348496835443500
   1977.0000000,      658.1782041139240400
   1978.0000000,      661.4263449367089200
   1979.0000000,      664.6596518987341800
   1980.0000000,      671.1641613924050500
   1981.0000000,      677.6583860759493500
   1982.0000000,      682.0269778481013000
   1983.0000000,      686.8512658227848500
   1984.0000000,      693.5322784810126700
   1985.0000000,      700.5194620253164400
   1986.0000000,      707.1938291139240400
   1987.0000000,      713.5849683544304300
   1988.0000000,      717.4447784810126900
   1989.0000000,      721.3441455696203100
   1990.0000000,      724.6206487341771700
   1991.0000000,      725.1474683544304300
   1992.0000000,      728.0609177215189900
   1993.0000000,      732.9397151898733700
   1994.0000000,      735.8590981012657700
   1995.0000000,      737.0675632911392100
   1996.0000000,      738.6803797468354600
   1997.0000000,      741.1262658227848300
   1998.0000000,      744.3942246835442800
   1999.0000000,      749.2655063291139200
   2000.0000000,      752.9081487341771900
   2001.0000000,      754.6777689873417800
   2002.0000000,      756.9508702531645700
   2003.0000000,      758.7536392405063500
   2004.0000000,      761.6673259493670700
   2005.0000000,      765.6981803797468700
   2006.0000000,      770.5515031645569500
   2007.0000000,      775.5279272151898300
   2008.0000000,      780.6175632911392800
   2009.0000000,      786.5041139240506700
   2010.0000000,      792.6174050632911300
   2011.0000000,      796.6114715189872900
   2012.0000000,      798.2201740506328600
   2013.0000000,      800.8371044303797800
   2014.0000000,      802.8767405063291600
   2015.0000000,      803.6969936708860600
   2016.0000000,      805.7368670886076000
   2017.0000000,      807.7476265822784900
   2018.0000000,      810.2072784810126200
   2019.0000000,      812.8524525316455500
   2020.0000000,      814.3022151898734400
   2021.0000000,      814.2079113924050900
   2022.0000000,      813.6474683544304300
   2023.0000000,      814.0868670886076200
   2024.0000000,      816.1219145569620000
   2025.0000000,      817.9434335443038400
   2026.0000000,      819.4034810126581800
   2027.0000000,      821.1419303797467800
   2028.0000000,      819.4878164556962500
   2029.0000000,      819.8444620253164900
   2030.0000000,      821.3905063291139200
   2031.0000000,      822.0968354430380000
   2032.0000000,      823.2379746835442800
   2033.0000000,      823.2729430379746400
   2034.0000000,      821.4053006329113500
   2035.0000000,      818.9895569620252900
   2036.0000000,      816.8969936708861000
   2037.0000000,      814.6345727848100800
   2038.0000000,      812.0977056962025200
   2039.0000000,      810.6700158227847600
   2040.0000000,      811.6014240506328900
   2041.0000000,      811.0411392405063700
   2042.0000000,      809.3645569620252900
   2043.0000000,      807.8470727848101700
   2044.0000000,      805.3385284810126400
   2045.0000000,      804.9643196202531500
   2046.0000000,      805.6595727848101700
   2047.0000000,      803.8090981012658200
   2048.0000000,      800.3090981012658200
   2049.0000000,      797.8286392405062800
   2050.0000000,      795.6866297468354800
   2051.0000000,      792.8767405063291600
   2052.0000000,      790.4819620253164200
   2053.0000000,      788.3861550632910800
   2054.0000000,      788.3721518987341600
   2055.0000000,      788.8310917721519200
   2056.0000000,      787.3034810126582700
   2057.0000000,      784.6258702531645200
   2058.0000000,      780.5143987341772300
   2059.0000000,      776.8787183544303600
   2060.0000000,      773.7753164556961600
   2061.0000000,      771.2735759493671100
   2062.0000000,      769.7899525316455500
   2063.0000000,      768.9151107594937000
   2064.0000000,      768.7684335443037800
   2065.0000000,      770.0216772151899200
   2066.0000000,      767.9669303797468300
   2067.0000000,      761.9219936708860800
   2068.0000000,      756.5882120253164700
   2069.0000000,      753.4602848101266100
   2070.0000000,      754.6018987341772100
   2071.0000000,      755.8642405063291100
   2072.0000000,      757.4895569620252900
   2073.0000000,      757.0469936708860800
   2074.0000000,      753.4640822784809900
   2075.0000000,      750.8867879746835600
   2076.0000000,      750.4277689873417800
   2077.0000000,      749.2931962025315900
   2078.0000000,      745.9948575949366600
   2079.0000000,      742.1849683544303400
   2080.0000000,      739.6681170886075700
   2081.0000000,      736.6597310126582000
   2082.0000000,      734.8136867088608100
   2083.0000000,      735.9660601265823100
   2084.0000000,      737.8629746835442800
   2085.0000000,      739.1607594936708700
   2086.0000000,      736.9151898734177200
   2087.0000000,      732.4030854430379800
   2088.0000000,      729.7394778481012700
   2089.0000000,      730.8424050632911500
   2090.0000000,      731.7860759493670500
   2091.0000000,      730.9738132911392100
   2092.0000000,      730.8249208860759200
   2093.0000000,      731.6973101265822400
   2094.0000000,      731.4251582278481000
   2095.0000000,      730.6843354430379800
   2096.0000000,      730.1485759493671100
   2097.0000000,      730.4166930379747100
   2098.0000000,      730.7099683544304300
   2099.0000000,      730.3963607594936300
   2100.0000000,      731.5083069620253600
   2101.0000000,      732.6554588607595000
   2102.0000000,      732.8629746835442800
   2103.0000000,      733.1487341772151500
   2104.0000000,      733.9145569620253600
   2105.0000000,      734.4576740506329300
   2106.0000000,      734.8668512658227900
   2107.0000000,      735.7648734177215600
   2108.0000000,      736.2621044303797400
   2109.0000000,      735.4844145569620700
   2110.0000000,      735.3501582278480600
   2111.0000000,      737.5116297468354100
   2112.0000000,      740.5378164556962000
   2113.0000000,      743.0803797468354300
   2114.0000000,      743.4164556962025500
   2115.0000000,      741.2308544303797400
   2116.0000000,      739.5193829113924300
   2117.0000000,      736.9677215189873300
   2118.0000000,      734.3534810126582200
   2119.0000000,      734.6686708860759200
   2120.0000000,      736.6586234177215100
   2121.0000000,      738.1609177215190100
   2122.0000000,      739.1360759493670700
   2123.0000000,      738.9739715189873600
   2124.0000000,      737.0291930379746600
   2125.0000000,      735.4251582278481000
   2126.0000000,      736.8357594936709300
   2127.0000000,      739.8861550632910800
   2128.0000000,      742.5393987341772100
   2129.0000000,      745.9039556962025000
   2130.0000000,      751.6585443037975000
   2131.0000000,      756.7805379746835100
   2132.0000000,      758.1433544303797600
   2133.0000000,      757.0696993670885600
   2134.0000000,      755.2651107594937200
   2135.0000000,      754.5758702531645700
   2136.0000000,      754.5737341772152100
   2137.0000000,      755.1141613924050900
   2138.0000000,      756.2829113924050300
   2139.0000000,      757.2497626582278400
   2140.0000000,      758.1043512658227400
   2141.0000000,      759.5987341772151900
   2142.0000000,      761.3837816455695700
   2143.0000000,      762.9898734177214700
   2144.0000000,      765.2526107594936800
   2145.0000000,      766.5128164556962200
   2146.0000000,      766.2573575949367100
   2147.0000000,      767.2746044303797800
   2148.0000000,      768.5534810126582700
   2149.0000000,      768.4579905063291100
   2150.0000000,      767.6176424050632900
   2151.0000000,      769.0813291139240800
   2152.0000000,      771.1584651898733700
   2153.0000000,      770.7689082278481000
   2154.0000000,      768.5054588607595200
   2155.0000000,      766.3772943037975000
   2156.0000000,      765.1646360759493700
   2157.0000000,      764.7633702531645700
   2158.0000000,      766.3502373417721900
   2159.0000000,      769.9151107594937000
   2160.0000000,      772.2950158227847600
   2161.0000000,      773.1765822784809600
   2162.0000000,      774.4108386075948800
   2163.0000000,      775.0874999999999800
   2164.0000000,      776.0370253164557000
   2165.0000000,      776.1981012658227400
   2166.0000000,      774.5586234177214900
   2167.0000000,      771.1367088607595400
   2168.0000000,      767.4072784810126700
   2169.0000000,      767.6343354430380300
   2170.0000000,      769.1120253164557400
   2171.0000000,      768.6072784810127100
   2172.0000000,      769.7539556962025200
   2173.0000000,      772.0185917721519200
   2174.0000000,      772.7374999999999500
   2175.0000000,      771.3299050632911100
   2176.0000000,      768.2041930379747300
   2177.0000000,      765.1983386075949100
   2178.0000000,      762.9888449367089200
   2179.0000000,      760.9248417721519200
   2180.0000000,      759.6907436708860400
   2181.0000000,      758.6761867088607700
   2182.0000000,      757.0248417721519400
   2183.0000000,      756.5872626582278100
   2184.0000000,      755.8440664556961800
   2185.0000000,      752.4715189873418200
   2186.0000000,      748.3939082278481000
   2187.0000000,      744.4771360759493700
   2188.0000000,      740.0805379746835800
   2189.0000000,      737.2450949367088200
   2190.0000000,      735.2878164556962000
   2191.0000000,      732.3025316455696200
   2192.0000000,      730.1654272151898800
   2193.0000000,      728.5258702531646100
   2194.0000000,      725.6762658227847900
   2195.0000000,      723.7084651898734400
   2196.0000000,      722.4259493670886100
   2197.0000000,      718.9533227848101000
   2198.0000000,      714.7243670886075500
   2199.0000000,      712.7477848101266300
   2200.0000000,      711.9862341772152400
   2201.0000000,      711.6058544303797400
   2202.0000000,      711.1536392405063200
   2203.0000000,      708.4829113924050700
   2204.0000000,      704.9499208860759200
   2205.0000000,      701.7518196202531700
   2206.0000000,      699.4265822784809600
   2207.0000000,      698.4797468354430500
   2208.0000000,      695.2361550632911100
   2209.0000000,      692.3783227848101700
   2210.0000000,      691.1542721518986800
   2211.0000000,      690.1443037974684100
   2212.0000000,      687.8624208860759400
   2213.0000000,      683.6121044303797600
   2214.0000000,      680.0843354430379600
   2215.0000000,      678.9926424050632900
   2216.0000000,      679.0712025316455500
   2217.0000000,      680.3151898734176900
   2218.0000000,      682.7257911392405300
   2219.0000000,      682.8015822784809600
   2220.0000000,      678.9290348101266100
   2221.0000000,      674.9455696202532000
   2222.0000000,      673.8965189873417800
   2223.0000000,      674.5127373417722100
   2224.0000000,      672.9747626582278600
   2225.0000000,      670.3373417721519400
   2226.0000000,      670.0318829113923600
   2227.0000000,      669.3044303797468000
   2228.0000000,      665.8749208860759800
   2229.0000000,      661.3136075949366800
   2230.0000000,      658.7062895569620200
   2231.0000000,      656.5426424050632500
   2232.0000000,      653.9370253164556700
   2233.0000000,      650.6340585443038000
   2234.0000000,      646.1240506329113500
   2235.0000000,      643.0969936708860400
   2236.0000000,      644.3122231012657700
   2237.0000000,      644.8132120253164900
   2238.0000000,      642.1616297468353900
   2239.0000000,      639.0265822784809900
   2240.0000000,      634.7082278481012700
   2241.0000000,      628.9133702531645400
   2242.0000000,      624.4558939873418200
   2243.0000000,      623.1057753164557200
   2244.0000000,      623.5240506329114400
   2245.0000000,      623.0524920886075500
   2246.0000000,      620.9052215189873300
   2247.0000000,      617.1831882911392300
   2248.0000000,      612.3183148734177600
   2249.0000000,      609.0248813291139000
   2250.0000000,      605.3232199367088200
   2251.0000000,      599.4913370253165100
   2252.0000000,      594.6888053797467800
   2253.0000000,      589.6649525316455500
   2254.0000000,      583.7281645569620400
   2255.0000000,      580.6042325949366600
   2256.0000000,      578.5077136075949500
   2257.0000000,      574.0957278481013200
   2258.0000000,      571.0890427215190400
   2259.0000000,      569.0891218354430500
   2260.0000000,      564.6325949367088700
   2261.0000000,      558.3221914556961600
   2262.0000000,      553.3380933544303800
   2263.0000000,      549.2104825949367100
   2264.0000000,      543.6500791139241100
   2265.0000000,      536.8898338607595000
   2266.0000000,      529.0608781645569300
   2267.0000000,      521.3244066455696400
   2268.0000000,      515.4634889240505800
   2269.0000000,      510.5413370253164700
   2270.0000000,      504.4929193037974600
   2271.0000000,      496.7687895569620200
   2272.0000000,      489.0872231012658100
   2273.0000000,      484.2715189873417800
   2274.0000000,      480.4959651898734000
   2275.0000000,      475.3840189873417900
   2276.0000000,      470.3592958860759300
   2277.0000000,      464.0289556962025600
   2278.0000000,      455.6763844936708700
   2279.0000000,      447.5121439873417400
   2280.0000000,      442.7422072784810300
   2281.0000000,      440.1352848101265600
   2282.0000000,      436.0642405063291000
   2283.0000000,      431.6982990506329000
   2284.0000000,      422.9904272151898700
   2285.0000000,      411.6057357594936500
   2286.0000000,      402.0021360759493500
   2287.0000000,      394.3271360759493400
   2288.0000000,      387.2199367088607600
   2289.0000000,      381.0412183544303800
   2290.0000000,      376.3514636075949500
   2291.0000000,      371.1151503164557000
   2292.0000000,      365.0235363924050500
   2293.0000000,      357.9841376582278400
   2294.0000000,      351.2685126582278500
   2295.0000000,      346.0530458860759500
   2296.0000000,      340.3612737341771900
   2297.0000000,      333.4701344936709100
   2298.0000000,      327.1821795886076000
   2299.0000000,      321.1768393987341600
   2300.0000000,      313.9086036392404800
   2301.0000000,      307.5645371835443000
   2302.0000000,      304.2820015822785000
   2303.0000000,      300.1691851265823100
   2304.0000000,      294.5960245253164700
   2305.0000000,      290.3436313291139200
   2306.0000000,      285.8278481012658300
   2307.0000000,      281.6320213607595000
   2308.0000000,      278.5463409810126300
   2309.0000000,      275.5496242088607300
   2310.0000000,      271.0710640822785000
   2311.0000000,      267.4176621835442800
   2312.0000000,      267.9211036392405300
   2313.0000000,      267.1707871835442900
   2314.0000000,      264.6292128164557200
   2315.0000000,      261.7253560126582100
   2316.0000000,      259.2923061708860900
   2317.0000000,      257.3324564873417400
   2318.0000000,      256.5686115506329100
   2319.0000000,      256.5765031645569800
   2320.0000000,      257.1607199367088600
   2321.0000000,      257.7434533227848300
   2322.0000000,      257.7275514240506600
   2323.0000000,      256.9848101265822600
   2324.0000000,      254.0215981012658200
   2325.0000000,      249.5848694620253200
   2326.0000000,      244.6638844936708800
   2327.0000000,      241.1528678797468200
   2328.0000000,      239.9855221518987200
   2329.0000000,      241.1079509493670800
   2330.0000000,      241.8995055379746800
   2331.0000000,      240.2967365506329100
   2332.0000000,      238.2423655063291200
   2333.0000000,      237.2854430379746900
   2334.0000000,      235.9542721518987200
   2335.0000000,      233.5236155063291200
   2336.0000000,      231.8433346518987400
   2337.0000000,      229.6099287974683400
   2338.0000000,      224.9580498417721500
   2339.0000000,      219.6771954113924000
   2340.0000000,      216.0036194620253100
   2341.0000000,      213.1750000000000100
   2342.0000000,      209.3867681962025200
   2343.0000000,      205.5352056962025200
   2344.0000000,      201.8128955696202500
   2345.0000000,      196.3175830696202400
   2346.0000000,      191.8038765822784900
   2347.0000000,      190.4905854430379900
   2348.0000000,      191.5867484177215100
   2349.0000000,      192.4218947784810000
   2350.0000000,      191.0550435126582200
   2351.0000000,      189.0907832278481100
   2352.0000000,      184.8762262658227900
   2353.0000000,      182.0676621835443100
   2354.0000000,      181.6395174050632900
   2355.0000000,      179.6919303797468200
   2356.0000000,      178.3162974683544300
   2357.0000000,      178.2213607594936800
   2358.0000000,      177.2174446202531600
   2359.0000000,      173.4426028481012700
   2360.0000000,      169.6377966772151900
   2361.0000000,      167.2841178797468400
   2362.0000000,      165.4297863924050800
   2363.0000000,      163.5143196202531600
   2364.0000000,      162.3273734177215300
   2365.0000000,      162.1141515031645500
   2366.0000000,      159.6116198575949500
   2367.0000000,      157.8244956487341700
   2368.0000000,      158.6221024525316400
   2369.0000000,      158.0662282436708800
   2370.0000000,      154.7212816455696300
   2371.0000000,      149.9869659810126400
   2372.0000000,      145.5290644778481000
   2373.0000000,      142.2573477056961900
   2374.0000000,      141.3604034810126700
   2375.0000000,      140.9490901898734300
   2376.0000000,      139.3910996835443000
   2377.0000000,      137.6175830696202500
   2378.0000000,      136.3637361550632900
   2379.0000000,      136.0967662183544200
   2380.0000000,      136.6055181962025200
   2381.0000000,      135.9699663765822800
   2382.0000000,      133.7781843354430300
   2383.0000000,      131.2091079905063400
   2384.0000000,      128.3711530854430400
   2385.0000000,      126.0444323575949400
   2386.0000000,      124.3360462816455700
   2387.0000000,      123.2916337025316400
   2388.0000000,      122.2170589398734100
   2389.0000000,      120.1457772943038000
   2390.0000000,      118.3184928797468400
   2391.0000000,      116.8672567246835400
   2392.0000000,      115.7253461234177200
   2393.0000000,      113.8785601265822700
   2394.0000000,      109.5709454113924000
   2395.0000000,      105.7076542721519000
   2396.0000000,      102.1871143196202500
   2397.0000000,       98.2066950158227880
   2398.0000000,       97.5969837816455770
   2399.0000000,       98.5378263449367040
   2400.0000000,       98.3087223101265830
   2401.0000000,       96.2159711234177170
   2402.0000000,       94.3272943037974730
   2403.0000000,       94.2086333069620280
   2404.0000000,       92.3179291930379690
   2405.0000000,       90.5233781645569590
   2406.0000000,       91.3800929588607570
   2407.0000000,       92.3901898734177250
   2408.0000000,       92.1506032436708860
   2409.0000000,       89.2132318037974700
   2410.0000000,       86.3989912974683560
   2411.0000000,       84.7149030854430410
   2412.0000000,       82.3274327531645580
   2413.0000000,       81.3296380537974670
   2414.0000000,       81.2159612341772150
   2415.0000000,       81.8299841772151950
   2416.0000000,       80.6713953718354450
   2417.0000000,       77.3271509098101290
   2418.0000000,       74.4024723101265830
   2419.0000000,       70.5922863924050570
   2420.0000000,       67.3920193829113860
   2421.0000000,       66.0900514240506280
   2422.0000000,       66.0203718354430440
   2423.0000000,       67.6768443433544320
   2424.0000000,       68.9680824762658200
   2425.0000000,       68.9979727056961990
   2426.0000000,       67.9281249999999940
   2427.0000000,       64.4235067246835480
   2428.0000000,       63.1459553006329130
   2429.0000000,       64.5269778481012680
   2430.0000000,       64.3448081487341740
   2431.0000000,       64.2665842563291110
   2432.0000000,       64.3215733781645580
   2433.0000000,       63.6887015427215180
   2434.0000000,       62.5551671281645550
   2435.0000000,       60.9685472705696230
   2436.0000000,       60.1385779272151880
   2437.0000000,       58.5867385284810140
   2438.0000000,       56.0883158623417730
   2439.0000000,       53.3330201740506310
   2440.0000000,       49.9726117484177190
   2441.0000000,       47.7546528876582240
   2442.0000000,       46.4166188686708880
   2443.0000000,       45.6437549446202550
   2444.0000000,       45.7730419303797480
   2445.0000000,       45.2054736946202520
   2446.0000000,       43.4339744857594920
   2447.0000000,       40.5140204707278500
   2448.0000000,       38.3838607594936720
   2449.0000000,       40.9669649920886060
   2450.0000000,       42.7932901503164590
   2451.0000000,       38.1655879153480980
   2452.0000000,       35.1707154865506340
   2453.0000000,       36.8501928401898770
   2454.0000000,       37.7602526700949350
   2455.0000000,       38.9005785205696170
   2456.0000000,       38.9068087420886070
   2457.0000000,       36.1057505933544290
   2458.0000000,       34.5524747824367110
   2459.0000000,       36.2575133504746820
   2460.0000000,       36.5816183742088580
   2461.0000000,       33.9558321795886040
   2462.0000000,       32.6120203718354420
   2463.0000000,       32.6761965981012640
   2464.0000000,       32.6396014636075980
   2465.0000000,       31.5660724881329100
   2466.0000000,       29.9050583465189880
   2467.0000000,       27.0880636867088600
   2468.0000000,       25.0189156447784810
   2469.0000000,       22.5709627175632900
   2470.0000000,       19.7340758504746850
   2471.0000000,       21.1692271558544290
   2472.0000000,       22.8706240110759500
   2473.0000000,       24.0480592365506320
   2474.0000000,       24.7821128362341770
   2475.0000000,       24.7339744857594930
   2476.0000000,       25.1692147943037980
   2477.0000000,       22.3940590387658210
   2478.0000000,       18.8245117187499990
   2479.0000000,       17.3707068334651890
   2480.0000000,       16.7365395075158220
   2481.0000000,       15.6258257515822780
   2482.0000000,       13.7338619956487340
   2483.0000000,       14.0148833069620250
   2484.0000000,       14.8508616000791140
   2485.0000000,       14.5081549149525310
   2486.0000000,       14.6270891020569620
   2487.0000000,       15.3440924149525310
   2488.0000000,       15.7394729034810120
   2489.0000000,       15.8299273140822780
   2490.0000000,       16.0692914359177230
   2491.0000000,       17.0018146756329110
   2492.0000000,       17.4334132713607590
   2493.0000000,       15.9108892899525320
   2494.0000000,       14.0127014932753170
   2495.0000000,       11.7407276008702530
   2496.0000000,       10.2914322092563300
   2497.0000000,       10.4422196400316450
   2498.0000000,       10.4533252571202540
   2499.0000000,       10.3714633603639240
   2500.0000000,       10.4884555478639230
